src/data/elevation/elevation.asc
ncols         495
nrows         537
xllcorner     425607.34991739
yllcorner     5090644.540419
cellsize      9.99999999996
NODATA_value  -9999
[rows 306 to 339 of 537, columns 231 to 307 of 495]
1.312336 1.312336 1.312336 1.339391 1.448641 1.557892 1.639355 1.64042 1.64042 1.64042 1.64042 1.644692 1.687622 1.826109 2.04135 2.212953 2.270972 2.17846 2.130446 2.077865 2.07454 2.069996 2.076574 2.045291 1.88132 1.725163 1.64042 1.616023 1.506772 1.397522 1.312336 1.312336 1.312336 1.307633 1.269679 1.163717 1.059993 0.984252 0.984252 0.984252 0.984252 0.984252 0.984252 0.984252 0.984252 0.984252 0.984252 0.984252 0.984252 0.984252 1.009392 1.118642 1.252811 1.446504 1.580451 1.774367 1.908092 2.126593 2.359109 2.605939 2.718479 2.791117 2.734033 2.710335 2.54516 2.474893 2.495573 2.472316 2.336738 2.114837 1.929129 1.827243 1.723788 1.64293 1.64042 1.64042 1.64042
1.312336 1.312336 1.315576 1.351027 1.456988 1.562463 1.64042 1.64042 1.64042 1.64042 1.64042 1.64042 1.646124 1.700765 1.863704 2.080525 2.232353 2.240018 2.158542 2.060861 2.003692 1.953337 1.899031 1.823166 1.697675 1.64275 1.609053 1.612732 1.503482 1.394231 1.312336 1.312336 1.306157 1.2631 1.157139 1.054574 0.984252 0.984252 0.984252 0.984252 0.984252 0.984252 0.984252 0.984252 0.984252 0.984252 0.984252 0.984252 0.984252 0.984252 0.9938694 1.052855 1.193604 1.403354 1.57188 1.721737 1.862043 2.083833 2.294024 2.457217 2.582909 2.706852 2.725882 2.670131 2.364033 2.343264 2.405949 2.376112 2.210955 1.919031 1.725 1.64042 1.640501 1.64042 1.64042 1.64042 1.64042
1.312336 1.312336 1.346082 1.455333 1.564584 1.64042 1.64042 1.64042 1.64042 1.64042 1.64042 1.64042 1.64042 1.647754 1.709067 1.876865 2.069748 2.142397 2.086992 1.999961 1.950595 1.878469 1.772508 1.650012 1.517166 1.485823 1.520201 1.581735 1.500191 1.39094 1.312336 1.304483 1.256521 1.15056 1.049352 0.984252 0.984252 0.984252 0.984252 0.984252 0.984252 0.984252 0.984252 0.984252 0.984252 0.984252 0.984252 0.984252 0.984252 0.984252 0.984252 1.015862 1.156612 1.375113 1.562337 1.671587 1.811894 2.030395 2.218061 2.327312 2.456157 2.60904 2.638075 2.513289 2.366267 2.405949 2.400018 2.356596 2.217618 2.002406 1.789101 1.64042 1.64042 1.64042 1.64042 1.64042 1.64042
1.318465 1.33203 1.372195 1.472126 1.57108 1.64042 1.64042 1.64042 1.64042 1.64042 1.64042 1.64042 1.64042 1.64042 1.649581 1.717568 1.85454 1.9581 1.996428 1.968504 1.93346 1.824209 1.714959 1.605708 1.496457 1.421697 1.456077 1.531059 1.4969 1.38765 1.312336 1.275219 1.165969 1.056718 0.984252 0.984252 0.984252 0.984252 0.984252 0.984252 0.984252 0.984252 0.984252 0.984252 0.984252 0.984252 0.984252 0.984252 0.984252 0.984252 0.984252 1.019153 1.163194 1.381695 1.565627 1.674878 1.802016 1.987858 2.175523 2.288063 2.388435 2.454501 2.459019 2.390417 2.461309 2.405949 2.36942 2.254803 2.101787 1.886575 1.709511 1.64042 1.64042 1.64042 1.64042 1.64042 1.64042
1.352885 1.462135 1.571386 1.64042 1.64042 1.64042 1.64042 1.64042 1.64042 1.64042 1.64042 1.64042 1.64042 1.64042 1.64042 1.651606 1.687488 1.75516 1.856419 1.903757 1.868712 1.76275 1.675915 1.602417 1.493167 1.406147 1.417645 1.492625 1.4705 1.384359 1.312336 1.281227 1.184554 1.072014 0.9939439 0.984252 0.984252 0.984252 0.984252 0.984252 0.984252 0.984252 0.984252 0.984252 0.984252 0.984252 0.984252 0.984252 0.984252 0.984252 0.984252 1.022444 1.146984 1.30453 1.45117 1.586185 1.753122 1.934197 2.09964 2.182104 2.244138 2.261974 2.34083 2.394137 2.405949 2.397705 2.346838 2.201167 1.985956 1.774146 1.64042 1.64042 1.64042 1.64042 1.64042 1.64042 1.606523
1.349054 1.44516 1.556763 1.635664 1.642249 1.641218 1.64042 1.64042 1.64042 1.64042 1.64042 1.64042 1.64042 1.64042 1.64042 1.64042 1.64042 1.655056 1.697713 1.729872 1.718175 1.672249 1.64042 1.599127 1.489876 1.380625 1.353297 1.421697 1.421697 1.381069 1.312336 1.312336 1.268749 1.159498 1.050248 0.984252 0.984252 0.984252 0.984252 0.984252 0.984252 0.984252 0.984252 0.984252 0.984252 0.984252 0.984252 0.984252 0.984252 0.984252 0.984252 1.025735 1.134985 1.244236 1.353486 1.503776 1.722277 1.922529 2.03226 2.060437 2.097583 2.11824 2.21112 2.304438 2.380192 2.340259 2.241858 2.107473 1.905208 1.734935 1.656135 1.644821 1.64042 1.64042 1.600951 1.503385 1.407124
1.312336 1.312336 1.396651 1.55895 1.673613 1.701122 1.64042 1.64042 1.64042 1.64042 1.64042 1.64042 1.64042 1.64042 1.64042 1.64042 1.64042 1.64042 1.612431 1.575897 1.579186 1.606215 1.64042 1.616777 1.534663 1.422124 1.364503 1.383487 1.386776 1.358849 1.312336 1.312336 1.265458 1.156207 1.046957 0.984252 0.984252 0.984252 0.984252 0.984252 0.984252 0.984252 0.984252 0.984252 0.984252 0.984252 0.984252 0.984252 0.984252 0.984252 0.984252 1.029025 1.138276 1.247527 1.356777 1.510358 1.707804 1.854468 1.92301 1.960173 2.051195 2.157156 2.280915 2.376902 2.285655 2.237227 2.179137 2.131836 2.072592 2.026472 1.922545 1.812196 1.658197 1.491042 1.390678 1.329036 1.320436
1.312336 1.312336 1.312336 1.312336 1.360309 1.519333 1.737939 1.848181 1.796041 1.693748 1.64042 1.64042 1.64042 1.64042 1.64042 1.64042 1.64042 1.64042 1.591992 1.502601 1.469936 1.521321 1.609808 1.64042 1.592656 1.483406 1.374155 1.312336 1.312336 1.312336 1.312336 1.312336 1.262167 1.152917 1.043666 0.984252 0.984252 0.984252 0.984252 0.984252 0.984252 0.984252 0.984252 0.984252 0.984252 0.984252 0.984252 0.984252 0.984252 0.984252 0.984252 1.032316 1.141567 1.250817 1.360068 1.492881 1.658543 1.797181 1.878766 1.977432 2.124932 2.234183 2.296588 2.296588 2.246673 2.177096 2.118578 2.062199 2.016017 1.955315 1.905048 1.754467 1.543145 1.37685 1.316411 1.312336 1.312336
1.312336 1.312336 1.312336 1.312336 1.312336 1.312336 1.42534 1.648294 1.802908 1.794257 1.689154 1.64042 1.64042 1.64042 1.64042 1.64042 1.64042 1.606829 1.521112 1.415151 1.360687 1.415362 1.527902 1.613204 1.589365 1.480115 1.370864 1.312336 1.312336 1.312336 1.312336 1.312336 1.258877 1.149626 1.040375 0.984252 0.984252 0.984252 0.984252 0.984252 0.984252 0.984252 0.984252 0.984252 0.984252 0.984252 0.984252 0.984252 0.984252 0.984252 0.984252 1.035607 1.144858 1.254108 1.363359 1.472609 1.632661 1.800472 1.909722 2.018973 2.110407 2.202072 2.264475 2.280949 2.217275 2.134132 2.024881 1.953464 1.891212 1.78854 1.63606 1.476232 1.370737 1.314522 1.312336 1.312336 1.312336
1.321363 1.333665 1.339395 1.330831 1.318509 1.31321 1.314824 1.329609 1.455926 1.611331 1.695969 1.684757 1.64042 1.683058 1.76194 1.834249 1.825186 1.691165 1.509585 1.366799 1.312336 1.33821 1.421943 1.534483 1.562057 1.476824 1.367574 1.312336 1.312336 1.312336 1.312336 1.312336 1.255586 1.146335 1.037085 0.984252 0.984252 0.984252 0.984252 0.984252 0.984252 0.984252 0.984252 0.984252 0.984252 0.984252 0.984252 0.984252 0.984252 0.984252 0.984252 1.038898 1.148148 1.257399 1.366649 1.4759 1.639242 1.803762 1.913013 2.022263 2.077865 2.114127 2.155226 2.197834 2.133521 2.10882 1.99322 1.833222 1.681575 1.575614 1.469653 1.364856 1.31283 1.312336 1.312336 1.312336 1.312336
1.407043 1.502057 1.59592 1.584484 1.477478 1.423222 1.477421 1.57578 1.622997 1.634746 1.648907 1.649144 1.687382 1.783085 1.889046 1.953601 1.909983 1.742321 1.52382 1.363508 1.312336 1.312336 1.341514 1.428524 1.483428 1.452516 1.364283 1.312336 1.312336 1.312336 1.312336 1.298863 1.23109 1.125128 1.027168 0.984252 0.984252 0.984252 0.984252 0.984252 0.984252 0.984252 0.984252 0.984252 0.984252 0.984252 0.984252 0.984252 0.984252 0.984252 0.984252 1.042189 1.151439 1.26069 1.36994 1.479191 1.645824 1.807053 1.939849 2.067311 2.116333 2.113044 2.093216 2.092669 2.077043 1.974371 1.832417 1.698661 1.599651 1.484589 1.368037 1.313336 1.312336 1.312336 1.312336 1.312336 1.312336
1.601798 1.64042 1.64042 1.64042 1.64042 1.64042 1.636661 1.637897 1.64042 1.64042 1.64042 1.64042 1.702675 1.811925 1.921176 1.968504 1.906692 1.73574 1.517239 1.360217 1.312336 1.312336 1.312336 1.345016 1.374178 1.377467 1.342777 1.312336 1.312336 1.312336 1.296255 1.224511 1.118549 1.022881 0.984252 0.984252 0.984252 0.984252 0.984252 0.984252 0.984252 0.984252 0.984252 0.984252 0.984252 0.984252 0.984252 0.984252 0.984252 0.984252 0.984252 1.045479 1.15473 1.298221 1.431323 1.537284 1.675339 1.810344 1.980046 2.138206 2.187227 2.167949 2.095441 2.093673 1.855253 1.765131 1.731273 1.734563 1.73102 1.612393 1.463295 1.358508 1.312336 1.312336 1.312336 1.312336 1.312336
1.64042 1.64042 1.64042 1.64042 1.64042 1.64042 1.64042 1.64042 1.64042 1.64042 1.64042 1.64042 1.653896 1.681615 1.763869 1.814485 1.799846 1.700584 1.550491 1.42078 1.337092 1.312336 1.312336 1.312336 1.312336 1.312336 1.312336 1.312336 1.312336 1.312336 1.234777 1.151052 1.060756 1.008878 0.9899104 0.984252 0.984252 0.984252 0.984252 0.984252 0.984252 0.984252 0.984252 0.984252 0.984252 0.984252 0.984252 0.984252 0.984252 0.984252 0.984252 1.04877 1.196042 1.392837 1.543863 1.649825 1.755786 1.861747 2.005325 2.117331 2.126769 2.053907 1.951235 1.911752 1.673594 1.64042 1.64042 1.631298 1.562677 1.456716 1.353902 1.312336 1.312336 1.312336 1.312336 1.312336 1.312336
1.64042 1.64042 1.64042 1.64042 1.64042 1.64042 1.64042 1.64042 1.64042 1.64042 1.64042 1.64042 1.64042 1.64042 1.658724 1.624715 1.602564 1.584765 1.588786 1.526739 1.414199 1.334039 1.312336 1.312336 1.312336 1.312336 1.312336 1.312336 1.312336 1.293449 1.202975 1.218444 1.210503 1.133173 1.023922 0.984252 0.984252 0.984252 0.984252 0.984252 0.984252 0.984252 0.984252 0.984252 0.984252 0.984252 0.984252 0.984252 0.984252 0.984252 1.028363 1.119797 1.293456 1.470872 1.598535 1.707786 1.817036 1.926287 2.008132 2.036443 1.972921 1.86696 1.760999 1.721517 1.64042 1.64042 1.64042 1.571093 1.461842 1.352592 1.312336 1.312336 1.312336 1.312336 1.312336 1.312336 1.312336
1.64042 1.64042 1.64042 1.64042 1.64042 1.64042 1.64042 1.64042 1.64042 1.64042 1.64042 1.64042 1.64042 1.64042 1.58777 1.491839 1.409386 1.390643 1.468683 1.483323 1.438785 1.350567 1.312336 1.312336 1.312336 1.312336 1.312336 1.312336 1.290445 1.231097 1.221329 1.284215 1.253028 1.147352 1.034812 0.9878861 0.984252 0.984252 0.984252 0.984252 0.984252 0.984252 0.984252 0.984252 0.984252 0.984252 0.984252 0.984252 0.984252 0.984252 1.055462 1.164713 1.344952 1.492575 1.601826 1.711076 1.787314 1.850846 1.850626 1.844574 1.808711 1.741916 1.668549 1.64042 1.64042 1.64042 1.64042 1.567802 1.458551 1.349301 1.312336 1.312336 1.312336 1.312336 1.312336 1.312336 1.312336
1.64042 1.64042 1.64042 1.64042 1.64042 1.64042 1.64042 1.64042 1.64042 1.64042 1.64042 1.64042 1.64042 1.64042 1.565224 1.455974 1.346723 1.312336 1.341424 1.358179 1.361468 1.329084 1.312336 1.312336 1.312336 1.312336 1.312336 1.287244 1.227614 1.202975 1.287817 1.312336 1.312336 1.235953 1.126702 1.017451 0.984252 0.984252 0.984252 0.984252 0.984252 0.984252 0.984252 0.984252 0.984252 0.984252 0.984252 0.984252 0.984252 0.984252 1.058753 1.168004 1.351534 1.495866 1.56608 1.623258 1.647649 1.686436 1.661625 1.64042 1.64042 1.64042 1.64042 1.64042 1.697162 1.668258 1.645926 1.564511 1.45526 1.34601 1.312336 1.312336 1.312336 1.312336 1.312336 1.312336 1.312336
1.64042 1.64042 1.64042 1.64042 1.64042 1.64042 1.64042 1.64042 1.64042 1.64042 1.64042 1.64042 1.64042 1.580667 1.482081 1.37612 1.322597 1.312336 1.312336 1.312336 1.312336 1.312336 1.312336 1.312336 1.312336 1.312336 1.283845 1.224328 1.202975 1.224411 1.285222 1.288511 1.306782 1.232662 1.123411 1.014161 0.984252 0.984252 0.984252 0.984252 0.984252 0.984252 0.984252 0.984252 0.984252 0.984252 0.984252 0.984252 0.984252 1.036951 1.132734 1.238696 1.331278 1.395254 1.456684 1.515125 1.566994 1.622173 1.64042 1.64042 1.64042 1.664582 1.693466 1.715777 1.906809 1.80096 1.68842 1.565263 1.451969 1.342719 1.312336 1.312336 1.312336 1.312336 1.312336 1.312336 1.312336
1.64042 1.64042 1.64042 1.64042 1.64042 1.64042 1.64042 1.64042 1.64042 1.64042 1.64042 1.64042 1.64042 1.620703 1.529022 1.416482 1.330938 1.260299 1.196232 1.138737 1.132319 1.142187 1.191573 1.249095 1.300045 1.280248 1.221241 1.202975 1.227691 1.268949 1.20941 1.202975 1.25502 1.208101 1.106275 1.008301 0.984252 0.984252 0.984252 0.984252 0.984252 0.984252 0.984252 0.984252 0.984252 0.984252 0.984252 0.984252 0.984252 1.065445 1.174696 1.283947 1.359657 1.417874 1.507819 1.57063 1.624933 1.64042 1.64042 1.64042 1.667979 1.754681 1.860642 1.946345 1.968504 1.885792 1.776541 1.5848 1.448679 1.339428 1.312336 1.312336 1.312336 1.312336 1.312336 1.312336 1.312336
1.64042 1.64042 1.64042 1.64042 1.64042 1.64042 1.64042 1.64042 1.64042 1.64042 1.64042 1.64042 1.64042 1.64042 1.617292 1.463137 1.280176 1.157839 1.154751 1.169938 1.163934 1.154067 1.1463 1.150796 1.168434 1.164767 1.193566 1.231169 1.294428 1.252031 1.225748 1.184312 1.096296 1.07659 1.004553 0.984252 0.984252 0.984252 0.984252 0.984252 0.984252 0.984252 0.984252 0.984252 0.984252 0.984252 1.049108 1.064587 1.120895 1.15927 1.248454 1.302655 1.396488 1.505739 1.614989 1.64042 1.64042 1.64042 1.64042 1.64042 1.723686 1.832937 1.942187 1.968504 1.968504 1.882501 1.77325 1.578218 1.445388 1.336137 1.312336 1.312336 1.312336 1.312336 1.312336 1.312336 1.312336
1.64042 1.651024 1.657938 1.653092 1.644021 1.64042 1.64042 1.64042 1.64042 1.64042 1.64042 1.64042 1.64042 1.64042 1.511928 1.37298 1.290051 1.296722 1.327264 1.315644 1.312336 1.312336 1.267419 1.205401 1.136813 1.166872 1.228869 1.297437 1.312336 1.312336 1.195679 1.089717 1.000317 0.984252 0.984252 0.984252 0.984252 0.984252 0.984252 0.984252 0.984252 0.984252 0.984252 0.984252 0.984252 0.984252 1.072359 1.158164 1.258433 1.276619 1.304597 1.366028 1.463555 1.569517 1.62986 1.64042 1.64042 1.64042 1.64042 1.64042 1.726977 1.836227 1.945478 1.968504 1.968504 1.87921 1.769959 1.571636 1.442097 1.332846 1.312336 1.312336 1.312336 1.312336 1.312336 1.312336 1.312336
1.654133 1.746309 1.852271 1.860081 1.766388 1.657083 1.64042 1.64042 1.64042 1.64042 1.64042 1.64042 1.495957 1.336261 1.27259 1.36906 1.506932 1.554203 1.498944 1.393561 1.322363 1.312336 1.312336 1.312336 1.312336 1.312336 1.312336 1.312336 1.312336 1.287594 1.136473 1.023933 0.9872671 0.9985133 1.009218 1.004695 0.9922525 0.9848171 0.984252 0.984252 0.984252 0.984252 0.984252 0.984252 0.984252 1.05679 1.159051 1.265012 1.306925 1.312336 1.370757 1.470135 1.576096 1.632027 1.64042 1.64042 1.64042 1.64042 1.64042 1.64042 1.730268 1.839518 1.948769 1.968504 1.968504 1.875919 1.766669 1.565055 1.438806 1.329555 1.312336 1.312336 1.312336 1.312336 1.312336 1.312336 1.312336
1.752888 1.85885 1.956535 1.877722 1.7684 1.653846 1.64042 1.729969 1.826019 1.915497 1.917771 1.674882 1.52482 1.385956 1.499237 1.564842 1.630607 1.64042 1.603071 1.499521 1.386981 1.320155 1.312336 1.312336 1.312336 1.312336 1.312336 1.312336 1.312336 1.244608 1.239299 1.15039 1.054909 1.115775 1.204664 1.204219 1.107179 0.9979283 0.984252 0.984252 0.984252 0.984252 0.984252 0.984252 1.062244 1.16563 1.271591 1.308367 1.312336 1.375684 1.476714 1.582675 1.633996 1.64042 1.64042 1.64042 1.64042 1.64042 1.677826 1.680948 1.770797 1.84788 1.95206 1.968504 1.968504 1.872628 1.763378 1.558473 1.435515 1.326265 1.312336 1.312336 1.312336 1.312336 1.312336 1.312336 1.312336
1.819214 1.922188 1.940634 1.950501 1.960368 1.868124 1.85141 1.85131 1.947592 1.967176 1.718563 1.405669 1.284687 1.407785 1.618158 1.64042 1.64042 1.64042 1.64042 1.598777 1.545976 1.436558 1.371014 1.317834 1.312336 1.312336 1.312336 1.312336 1.312336 1.312336 1.312336 1.312336 1.312336 1.312336 1.30027 1.203141 1.09718 0.9943129 0.984252 0.984252 0.984252 0.984252 0.984252 1.067896 1.172209 1.27817 1.309611 1.312336 1.380808 1.483293 1.589254 1.635767 1.696873 1.700572 1.697283 1.693994 1.690704 1.728995 1.785856 1.790197 1.817864 1.825305 1.924803 1.965198 1.825359 1.764579 1.689343 1.521247 1.420494 1.322253 1.312336 1.312336 1.312336 1.312336 1.312336 1.312336 1.312336
1.64042 1.64042 1.64042 1.64042 1.64042 1.641841 1.648376 1.654954 1.671395 1.503653 1.459443 1.405481 1.535288 1.5826 1.636077 1.64042 1.573272 1.507185 1.44767 1.452545 1.462413 1.423165 1.373456 1.317175 1.312336 1.312336 1.312336 1.312336 1.312336 1.312336 1.312336 1.312336 1.312336 1.312336 1.209738 1.100487 0.9912362 0.984252 0.9842693 0.984252 0.984252 0.984252 1.073745 1.178788 1.284749 1.310657 1.312336 1.312336 1.342711 1.381878 1.427616 1.440563 1.492777 1.509619 1.522777 1.535934 1.549091 1.619408 1.641173 1.65762 1.608099 1.614879 1.699843 1.798125 1.313811 1.312336 1.312336 1.312336 1.312336 1.312336 1.312336 1.312336 1.312336 1.312336 1.312336 1.312336 1.312336
1.64042 1.64042 1.64042 1.64042 1.64042 1.64042 1.64042 1.64042 1.64042 1.613527 1.605928 1.59935 1.638534 1.64042 1.64042 1.64042 1.605053 1.561678 1.448933 1.377766 1.315159 1.312336 1.312336 1.312336 1.312336 1.312336 1.312336 1.312336 1.312336 1.312336 1.312336 1.312336 1.312336 1.312336 1.206447 1.097196 0.9879455 0.984252 1.089609 1.090231 1.185747 1.183053 1.281478 1.295121 1.311506 1.312336 1.312336 1.312336 1.312336 1.312336 1.312336 1.312336 1.312336 1.312336 1.312336 1.312336 1.312336 1.312336 1.312336 1.312336 1.312336 1.343964 1.342661 1.339371 1.339472 1.313008 1.312336 1.312336 1.312336 1.312336 1.312336 1.312336 1.312336 1.312336 1.312336 1.312336 1.312336
1.64042 1.64042 1.64042 1.64042 1.64042 1.64042 1.64042 1.64042 1.64042 1.64042 1.64042 1.64042 1.64042 1.64042 1.64042 1.64042 1.64042 1.64042 1.64042 1.597429 1.547279 1.432484 1.369197 1.313366 1.312336 1.312336 1.312336 1.312336 1.312336 1.312336 1.312336 1.312336 1.312336 1.312329 1.296105 1.190204 1.084242 0.9846313 0.987322 1.092989 1.198769 1.304707 1.302263 1.312206 1.312336 1.312336 1.312336 1.312336 1.312336 1.312336 1.312336 1.312336 1.312336 1.312336 1.312336 1.312336 1.312336 1.312336 1.312336 1.312336 1.312336 1.348098 1.452029 1.481217 1.557946 1.468908 1.353124 1.329347 1.312404 1.312336 1.312336 1.312336 1.312336 1.312336 1.312336 1.312336 1.312336
1.64042 1.64042 1.64042 1.64042 1.64042 1.64042 1.64042 1.64042 1.64042 1.64042 1.64042 1.64042 1.64042 1.64042 1.64042 1.64042 1.64042 1.64042 1.64042 1.64042 1.639784 1.58943 1.532504 1.469054 1.410137 1.357792 1.312336 1.312336 1.312336 1.312336 1.312336 1.312336 1.312336 1.309005 1.199755 1.090504 0.9845139 0.9934021 1.099363 1.205325 1.308815 1.312336 1.312336 1.312336 1.312336 1.312336 1.313824 1.395067 1.391777 1.387402 1.312336 1.312336 1.31308 1.375974 1.431747 1.424706 1.365081 1.312336 1.312336 1.312336 1.312678 1.421929 1.531179 1.640413 1.64042 1.638 1.548211 1.435671 1.325538 1.312336 1.312336 1.312336 1.312336 1.312336 1.312336 1.312336 1.312336
1.64042 1.641382 1.653184 1.657884 1.651306 1.644728 1.64042 1.64042 1.64042 1.64042 1.64042 1.64042 1.64042 1.64042 1.64042 1.64042 1.64042 1.64042 1.64042 1.64042 1.64042 1.64042 1.64042 1.638105 1.577693 1.508947 1.39563 1.35006 1.312336 1.312336 1.312336 1.312336 1.310945 1.286407 1.180446 1.075229 0.9905414 1.099792 1.209043 1.311931 1.317984 1.414691 1.411401 1.403282 1.316906 1.405851 1.489335 1.583104 1.497428 1.420219 1.38824 1.4542 1.512638 1.549337 1.590652 1.585332 1.525627 1.461513 1.451645 1.441777 1.434218 1.497178 1.566711 1.64042 1.64042 1.64042 1.635306 1.54163 1.42909 1.321928 1.312336 1.312336 1.312336 1.312336 1.312336 1.312336 1.312336
1.660644 1.680978 1.782557 1.867763 1.864474 1.861185 1.866148 1.945793 1.834778 1.730334 1.64042 1.64042 1.64042 1.64042 1.64042 1.64042 1.64042 1.64042 1.64042 1.64042 1.64042 1.64042 1.64042 1.64042 1.64042 1.632913 1.523663 1.414412 1.312336 1.312336 1.36774 1.333334 1.279828 1.173867 1.069331 0.9853701 1.00316 1.109122 1.214848 1.312336 1.312656 1.319454 1.322744 1.32493 1.313686 1.334203 1.367939 1.479661 1.534762 1.573555 1.569673 1.603306 1.64042 1.64042 1.64042 1.64042 1.64042 1.64042 1.64042 1.64042 1.64042 1.64042 1.64042 1.64042 1.64042 1.64042 1.64042 1.63098 1.52173 1.412479 1.312336 1.312336 1.312336 1.312336 1.312336 1.312336 1.312336
1.78172 1.885825 1.968504 1.968504 1.968504 1.968504 1.967306 1.955716 1.846465 1.737215 1.64042 1.64042 1.64042 1.64042 1.64042 1.64042 1.64042 1.64042 1.64042 1.64042 1.64042 1.64042 1.64042 1.64042 1.64042 1.634116 1.566718 1.492748 1.419261 1.406331 1.550059 1.446174 1.231684 1.097191 0.984252 0.9987181 1.116785 1.228281 1.32025 1.3248 1.429737 1.528102 1.59783 1.492873 1.394488 1.312336 1.314883 1.342175 1.384389 1.496711 1.575401 1.64042 1.64042 1.64042 1.64042 1.64042 1.64042 1.64042 1.64042 1.64042 1.64042 1.64042 1.64042 1.64042 1.64042 1.64042 1.64042 1.627689 1.518439 1.409188 1.312336 1.312336 1.312336 1.312336 1.312336 1.312336 1.312336
1.891445 1.968504 1.968504 1.968504 1.968504 1.968504 1.952532 1.847823 1.741861 1.650113 1.64042 1.64042 1.64042 1.64042 1.64042 1.64042 1.64042 1.64042 1.64042 1.64042 1.64042 1.64042 1.64042 1.64042 1.64042 1.64042 1.64042 1.64042 1.64042 1.630797 1.631546 1.555888 1.343965 1.137765 0.9889508 1.041585 1.253508 1.463723 1.64042 1.638242 1.632898 1.634126 1.624922 1.515671 1.406421 1.312336 1.312336 1.312336 1.316455 1.350523 1.400839 1.511333 1.583246 1.64042 1.64042 1.64042 1.64042 1.64042 1.64042 1.64042 1.64042 1.64042 1.64042 1.64042 1.64042 1.64042 1.64042 1.624398 1.515148 1.405897 1.312336 1.312336 1.312336 1.312336 1.312336 1.312336 1.312336
1.968504 1.968504 1.968504 1.968504 1.968504 1.968504 1.949024 1.839773 1.730523 1.64042 1.64042 1.64042 1.64042 1.64042 1.64042 1.64042 1.64042 1.64042 1.64042 1.64042 1.64042 1.64042 1.64042 1.64042 1.64042 1.64042 1.64042 1.64042 1.64042 1.64042 1.600188 1.381686 1.163185 0.984252 1.023599 1.242101 1.460602 1.64042 1.64042 1.64042 1.64042 1.64042 1.638574 1.60771 1.510797 1.489838 1.497596 1.545152 1.457029 1.375478 1.318402 1.359246 1.417289 1.525579 1.590716 1.64042 1.64042 1.64042 1.64042 1.64042 1.64042 1.64042 1.64042 1.64042 1.64042 1.64042 1.64042 1.621107 1.511857 1.402606 1.312336 1.312336 1.312336 1.312336 1.312336 1.312336 1.312336
1.968504 1.968504 1.968504 1.968504 1.968504 1.968504 1.968151 1.96249 1.950256 1.933823 1.923956 1.914089 1.904221 1.894354 1.884487 1.859075 1.775161 1.697818 1.64042 1.64042 1.64042 1.64042 1.64042 1.64042 1.64042 1.64042 1.64042 1.64042 1.64042 1.64042 1.593606 1.375105 1.156603 0.9921641 1.061101 1.273024 1.481253 1.64042 1.64042 1.64042 1.64042 1.64042 1.64042 1.618451 1.512685 1.442419 1.467345 1.569138 1.60384 1.551357 1.442731 1.367956 1.320726 1.368345 1.433739 1.539449 1.597811 1.63124 1.586022 1.555242 1.56904 1.610988 1.64042 1.64042 1.64042 1.64042 1.64042 1.617817 1.508566 1.399315 1.312336 1.312336 1.312336 1.312336 1.312336 1.312336 1.312336
1.968504 1.968504 1.968504 1.968504 1.968504 1.968504 1.968504 1.968504 1.968504 1.968504 1.968504 1.968504 1.968504 1.948958 1.868556 1.787528 1.701894 1.669775 1.64042 1.64042 1.64042 1.64042 1.64042 1.64042 1.64042 1.64042 1.64042 1.64042 1.64042 1.64042 1.530014 1.318091 1.116785 1.036983 1.255485 1.473986 1.64042 1.64042 1.64042 1.64042 1.64042 1.64042 1.64042 1.659094 1.689544 1.578485 1.493005 1.473926 1.57953 1.632775 1.594793 1.550239 1.508844 1.485235 1.428318 1.42128 1.450189 1.529234 1.471569 1.412574 1.405888 1.518428 1.614716 1.64042 1.64042 1.64042 1.64042 1.614526 1.505275 1.396024 1.312336 1.312336 1.312336 1.312336 1.312336 1.312336 1.312336
