src/data/elevation/elevation.asc
ncols         495
nrows         537
xllcorner     425607.34991739
yllcorner     5090644.540419
cellsize      9.99999999996
NODATA_value  -9999
[rows 408 to 441 of 537, columns 308 to 384 of 495]
17.34743 17.57299 17.83722 18.09452 18.42525 18.75905 19.12968 19.46714 19.78749 20.03951 20.28347 20.54992 20.88059 21.27101 21.69814 22.15699 22.68217 23.21555 23.81113 24.40188 25.52217 26.59564 27.75481 28.71667 29.49207 30.03277 30.51641 30.87108 31.04583 30.9206 30.64003 30.33232 29.96032 29.58968 29.24219 28.99669 28.83104 28.87335 29.38841 30.32516 31.6169 33.14103 34.75606 36.48294 38.13323 39.85888 41.54726 43.24493 45.02293 46.70939 48.26199 49.72718 51.44371 51.2237 53.50415 56.40544 59.73629 63.43576 67.32333 71.22676 75.19926 79.20531 83.255 87.18443 91.00053 94.6314 97.75637 100.0494 101.7199 103.1354 104.494 105.7681 106.8739 107.9178 108.8264 109.7338 110.7354
17.94882 18.21541 18.45991 18.72445 18.98137 19.32878 19.72579 20.06575 20.35909 20.6177 20.8836 21.14292 21.41426 21.74187 22.11501 22.52971 23.00269 23.4646 23.99082 24.61226 25.80876 27.02851 28.38798 29.57323 30.60884 31.47839 32.20745 32.63211 32.79351 32.73803 32.63406 32.41718 32.05756 31.60375 31.22033 30.91935 30.77789 30.84055 31.29761 32.04778 33.10336 34.33409 35.72868 37.1763 38.60851 40.09305 41.51647 42.93844 44.32547 45.66993 46.97057 48.20235 49.51511 49.43108 51.39084 54.23904 57.93732 61.9868 66.05212 70.03004 74.00675 78.01576 82.06113 85.99736 89.82445 93.53356 96.88567 99.44508 101.2512 102.5943 103.9057 105.1601 106.3121 107.3582 108.3238 109.2828 110.2858
18.4777 18.69458 18.93965 19.24408 19.56568 19.93601 20.26947 20.58077 20.89935 21.2391 21.58018 21.84266 22.04312 22.27377 22.57614 22.94366 23.33014 23.74901 24.22243 24.83834 26.1114 27.4708 28.99519 30.44663 31.82605 33.03613 33.96989 34.55384 34.83767 34.90899 34.76612 34.45411 34.10347 33.76149 33.36794 33.02244 32.8648 32.98 33.35512 33.96836 34.79601 35.76147 36.82134 37.92742 39.16023 40.42393 41.6908 42.8806 44.00823 45.07158 46.0667 47.05227 48.1396 48.50024 50.09819 52.7083 56.36483 60.59278 64.77636 68.79106 72.82198 76.82655 80.86863 84.80156 88.62536 92.34002 95.80972 98.64787 100.6495 102.0288 103.2175 104.4153 105.5428 106.6206 107.6687 108.6937 109.7725
18.87775 19.2074 19.52227 19.78232 20.07544 20.39417 20.78203 21.16332 21.53023 21.88737 22.23136 22.50409 22.68096 22.8408 23.08534 23.40861 23.70534 23.98278 24.3493 25.0337 26.60717 28.16594 29.94989 31.76103 33.45923 34.98388 36.26117 37.17032 37.56897 37.57701 37.34827 36.96895 36.47421 35.99239 35.54307 35.19219 34.97182 34.97619 35.25544 35.73173 36.32471 37.00234 37.82028 38.80587 39.90327 40.97311 42.02127 42.99453 43.92259 44.78518 45.61378 46.46168 47.41406 48.18661 49.59034 51.98022 55.37451 59.54232 63.76176 67.89661 71.89816 75.81222 79.74022 83.60576 87.38756 90.92992 94.24249 97.19321 99.44616 101.0329 102.19 103.2918 104.4237 105.5822 106.7374 107.8599 109.0435
19.18391 19.49925 19.87278 20.21052 20.55865 20.89767 21.28835 21.64243 21.98441 22.30229 22.62017 22.96075 23.30478 23.58381 23.80761 24.03088 24.2696 24.46836 24.76914 25.43565 27.71314 29.41219 31.35081 33.40739 35.46006 37.35719 38.90957 39.97106 40.46109 40.51282 40.22507 39.76989 39.16698 38.50282 37.87161 37.37061 37.13215 37.06149 37.16895 37.37757 37.72662 38.21151 38.87684 39.75432 40.70912 41.63016 42.44772 43.19086 43.93213 44.71157 45.52062 46.35044 47.20335 48.21623 49.57668 51.79376 54.9185 58.70554 62.58934 66.47305 70.38315 74.29411 78.1856 81.95802 85.64493 89.11436 92.32791 95.21764 97.64264 99.48579 100.8202 101.9378 103.103 104.2942 105.4801 106.6958 107.9857
19.5518 19.86622 20.23422 20.60771 20.94113 21.27477 21.61515 21.96674 22.32203 22.66725 23.04156 23.43361 23.83138 24.17825 24.46434 24.72797 25.00347 25.28114 25.67634 26.43624 29.20425 30.93837 33.01239 35.26274 37.58429 39.79318 41.66985 42.93385 43.57737 43.66867 43.27206 42.60618 41.75173 40.835 40.0335 39.38755 39.03217 38.88822 38.93847 39.08539 39.28764 39.59322 40.0421 40.64438 41.37611 42.15691 42.8667 43.47247 44.07359 44.73957 45.51134 46.34116 47.21652 48.28333 49.6773 51.83873 54.78218 58.27989 61.90451 65.57286 69.20336 72.89249 76.65713 80.37484 83.94283 87.25613 90.30236 93.04042 95.43048 97.48898 99.12543 100.3989 101.4929 102.5538 103.7185 105.0378 106.5138
19.98859 20.30319 20.62997 20.96087 21.27876 21.59664 21.91452 22.25234 22.626 23.02965 23.45679 23.88392 24.25927 24.59982 24.98185 25.44697 25.97378 26.51579 27.11886 27.94586 30.93166 32.68333 34.76243 37.12245 39.66687 42.20553 44.34173 45.85327 46.65016 46.72904 46.26614 45.431 44.34201 43.15844 42.14351 41.42815 40.9944 40.70398 40.56673 40.59077 40.73225 40.96315 41.27393 41.6662 42.17366 42.77635 43.36315 43.86938 44.37365 44.92017 45.57288 46.35157 47.24834 48.52779 49.99621 52.20638 55.06112 58.19202 61.38794 64.76308 68.27322 71.75149 75.1882 78.64108 82.04723 85.28777 88.26035 90.86706 93.10732 95.04404 96.76456 98.3313 99.61046 100.6031 101.586 102.8585 104.5093
20.43546 20.70511 20.98061 21.25709 21.53891 21.86009 22.18126 22.53682 22.91079 23.30955 23.73998 24.1704 24.59727 25.06571 25.63016 26.32468 27.08044 27.85019 28.64482 29.58921 32.65749 34.42419 36.50657 38.92414 41.71619 44.59989 47.03319 48.65282 49.39904 49.41737 48.84458 47.8511 46.5959 45.29158 44.20393 43.40422 42.84256 42.4381 42.18733 42.13951 42.22018 42.38123 42.57187 42.7984 43.12003 43.53486 43.96276 44.37169 44.81157 45.29628 45.89013 46.60898 47.488 48.89548 50.45646 52.64612 55.36242 58.23205 61.10674 64.09855 67.22617 70.4314 73.65093 76.88362 80.07354 83.16028 86.07463 88.65265 90.80624 92.67854 94.5066 96.26884 97.71125 98.76545 99.63908 100.7161 102.209
20.73412 20.82816 21.02079 21.34173 21.73184 22.08846 22.40963 22.78973 23.19586 23.60212 23.99839 24.40207 24.94534 25.66059 26.48907 27.36327 28.20261 29.07586 30.04939 31.20041 34.39328 36.23409 38.33281 40.81649 43.62263 46.46396 48.66724 49.91594 50.29286 50.27074 50.09793 49.66086 48.85957 47.75422 46.59768 45.59745 44.82865 44.27441 43.93211 43.77632 43.77328 43.86025 43.94743 44.01006 44.10826 44.2775 44.5113 44.79981 45.1688 45.62663 46.18039 46.89044 47.78798 49.0628 50.73569 52.94302 55.56996 58.26989 60.87959 63.44983 66.16288 69.09695 72.15549 75.21477 78.28664 81.34248 84.18065 86.64561 88.77226 90.75754 92.65064 94.32977 95.689 96.7849 97.80003 98.91662 100.2302
21.01152 21.10286 21.26501 21.50667 21.82743 22.21115 22.56734 22.95402 23.35134 23.76065 24.16831 24.61014 25.27785 26.20486 27.28214 28.33933 29.34202 30.33814 31.46708 32.80083 35.67359 37.57432 39.63069 42.00473 44.67309 47.27264 49.21112 50.24584 50.64556 50.72321 50.58413 50.33903 50.03927 49.55492 48.78732 47.7669 46.74362 45.96637 45.49788 45.2663 45.19951 45.27629 45.40562 45.43412 45.29556 45.16167 45.15664 45.33078 45.63992 46.01201 46.46989 47.06116 47.89827 49.12748 50.79136 52.96442 55.45784 57.94312 60.30295 62.68674 65.24426 68.02797 70.97043 74.01976 76.99925 79.8459 82.47199 84.87254 87.07262 89.12534 90.97307 92.55437 93.84243 95.0034 96.15427 97.38896 98.75493
21.2798 21.3469 21.46507 21.69563 21.95888 22.31837 22.64414 23.00917 23.38078 23.81004 24.26822 24.76699 25.47463 26.45769 27.64111 28.8414 30.00197 31.14939 32.45826 33.96181 36.80331 38.78091 40.80191 42.92719 45.09597 47.19626 48.94158 50.07586 50.68106 50.97419 51.09699 50.978 50.68284 50.33353 49.97934 49.46012 48.62808 47.72132 47.0132 46.68327 46.63688 46.78683 46.94575 46.96362 46.69101 46.30188 45.98423 45.90311 46.02527 46.25511 46.60066 47.14443 47.96822 49.15493 50.69419 52.60351 54.80149 57.04559 59.33185 61.6786 64.09303 66.67343 69.47726 72.43955 75.43839 78.24469 80.84892 83.27303 85.58763 87.66061 89.44481 90.9996 92.39926 93.68046 94.93102 96.23567 97.71004
21.59599 21.65558 21.75496 21.94198 22.11588 22.39425 22.71063 23.08949 23.45452 23.87815 24.33335 24.87245 25.57215 26.53802 27.73583 29.05552 30.402 31.78431 33.27232 34.96301 37.8688 39.88789 41.78487 43.54879 45.34398 47.23829 48.96987 50.31273 51.0166 51.30442 51.4435 51.52019 51.43872 51.15359 50.81329 50.4547 49.95103 49.25521 48.53015 48.08218 48.01725 48.22369 48.41373 48.39905 48.0657 47.49351 46.90881 46.53202 46.46783 46.59521 46.83831 47.29266 48.0524 48.79507 50.01896 51.52197 53.39899 55.46303 57.66293 60.06233 62.66256 65.33192 68.06895 70.9222 73.82208 76.70107 79.42799 82.04639 84.41854 86.49443 88.27824 89.86021 91.38305 92.8058 94.2281 95.67852 97.21004
21.98375 22.01568 22.03055 22.12453 22.24032 22.44221 22.65217 22.96659 23.3606 23.78859 24.26968 24.83763 25.58575 26.58557 27.78139 29.14086 30.58546 32.20182 33.93465 35.84178 38.82644 40.79273 42.66444 44.43299 46.2197 47.94857 49.50095 50.64005 51.32192 51.63875 51.77454 51.80919 51.79647 51.68428 51.40125 51.05704 50.64067 50.19649 49.69184 49.31646 49.21939 49.37349 49.57788 49.59034 49.25439 48.57095 47.7508 47.10578 46.82385 46.81961 46.96024 47.23693 47.88035 48.47364 49.19604 50.04236 51.28736 53.21467 55.66814 58.32278 61.07121 63.84661 66.76231 69.74303 72.71877 75.56274 78.32335 80.95131 83.34753 85.45084 87.28645 89.00837 90.65957 92.25157 93.80378 95.38669 96.9857
22.0851 22.09099 22.14888 22.30242 22.42965 22.60792 22.74436 22.95165 23.24299 23.6436 24.11979 24.61787 25.34701 26.36766 27.65249 29.11714 30.71713 32.54492 34.55919 36.69585 39.51571 41.77872 43.88121 45.77883 47.58225 49.07945 50.22679 50.98841 51.48355 51.83784 52.07504 52.26411 52.37215 52.36817 52.23325 51.92968 51.49686 51.05221 50.64985 50.30794 50.09821 50.09771 50.22078 50.22129 49.97235 49.36825 48.51975 47.70632 47.20016 47.04231 47.07062 47.26724 47.73877 48.03117 48.60091 49.17703 50.0043 51.52631 53.89702 56.78643 59.7772 62.68935 65.64146 68.62743 71.68114 74.67361 77.5527 80.18465 82.57001 84.71792 86.6869 88.49719 90.18358 91.78887 93.34785 94.96826 96.66319
22.3851 22.35065 22.35969 22.46067 22.57476 22.70666 22.87644 23.08067 23.25025 23.52133 23.93086 24.41283 25.03079 25.97707 27.30293 28.97834 30.83726 32.86043 34.95789 37.17466 40.23942 42.87336 45.19504 47.20193 48.86833 50.12484 50.97801 51.49945 51.84969 52.01741 52.13297 52.25355 52.4374 52.62439 52.71496 52.66493 52.4218 52.05597 51.63314 51.35643 51.11086 50.92074 50.7151 50.48593 50.22046 49.74457 49.03104 48.21041 47.61675 47.38982 47.34792 47.39307 47.60102 47.95983 48.25553 48.71108 49.25421 50.57927 52.69098 55.54974 58.55826 61.54309 64.60416 67.68872 70.77507 73.78486 76.6855 79.38297 81.91127 84.23286 86.34543 88.13417 89.74492 91.30172 92.89388 94.57679 96.32087
22.62517 22.59196 22.58538 22.60103 22.62968 22.71998 22.9113 23.07981 23.2505 23.4125 23.78236 24.22435 24.71579 25.51772 26.78893 28.59641 30.60627 32.73629 34.99448 37.51218 40.58315 43.59805 46.31813 48.37843 49.79392 50.5776 51.06809 51.42863 51.76048 52.08276 52.31485 52.5885 52.74387 52.92947 52.99029 53.0522 53.08039 52.93635 52.70524 52.42744 52.22153 51.89169 51.40617 50.84085 50.36364 49.96133 49.32337 48.59392 47.95871 47.71428 47.67567 47.6658 47.73621 48.08728 48.28569 48.58744 49.07032 50.18026 52.05771 54.62971 57.55238 60.5373 63.7597 66.97236 70.22629 73.26806 76.22059 78.9332 81.48658 83.78844 85.91543 87.73736 89.43315 91.00578 92.67109 94.36533 96.14706
22.94913 22.82897 22.80388 22.85979 22.86719 22.8856 22.94855 23.05113 23.19624 23.31898 23.59818 23.97633 24.4462 25.07908 26.1539 27.81461 29.8768 32.17831 34.71489 37.54831 40.68839 44.14215 47.12443 48.9241 49.98024 50.43623 50.85249 51.21794 51.63852 52.07362 52.49493 52.83554 53.13199 53.21262 53.28238 53.3769 53.53905 53.6026 53.50766 53.26351 52.99378 52.63322 52.15319 51.47286 50.78012 50.24055 49.61534 48.94996 48.31606 48.01861 47.94268 47.90756 47.96259 48.17643 48.36 48.62257 49.01453 49.91313 51.5033 53.70059 56.37844 59.40314 62.75115 66.15639 69.70923 73.03163 76.12087 78.76998 81.22842 83.47738 85.58739 87.47651 89.1927 90.7654 92.37378 94.07177 95.90617
23.29091 23.06501 22.95482 23.02514 23.10428 23.17131 23.1752 23.20004 23.29006 23.39273 23.53795 23.8325 24.25953 24.75854 25.62497 27.10986 29.16861 31.51733 34.15403 37.18919 39.91514 43.86708 47.20899 49.10788 49.86695 50.1389 50.35838 50.68014 51.02798 51.54987 52.10389 52.72001 53.18077 53.40572 53.45103 53.5407 53.73529 53.92434 53.92449 53.78809 53.4818 53.14089 52.71201 52.13216 51.38373 50.60886 49.88538 49.21382 48.63905 48.2606 48.10044 48.0339 48.03304 48.68287 48.75511 48.84418 49.09275 49.47681 50.58395 52.5211 55.33243 58.66301 62.32586 66.11153 69.67204 72.99615 76.02611 78.77374 81.23153 83.4585 85.49268 87.38057 89.06522 90.61944 92.10045 93.74991 95.53672
23.68813 23.45341 23.31414 23.24207 23.25563 23.2882 23.29396 23.29396 23.38568 23.49494 23.60419 23.76036 24.02302 24.44027 25.212 26.56771 28.49331 30.73334 33.22946 36.22256 38.19851 42.04926 45.82072 48.30069 49.43677 49.70539 49.78933 49.85976 49.98895 50.41523 51.23581 52.11034 52.86731 53.32521 53.61029 53.80702 53.94413 54.07868 54.09814 54.06218 53.887 53.67458 53.30728 52.76611 51.96987 51.00125 50.14854 49.42009 48.90859 48.54414 48.4122 48.47297 48.58851 49.36938 49.35883 49.39895 49.47435 49.64247 50.2091 51.88546 54.66867 58.4524 62.38119 66.30517 69.86506 73.17377 76.1723 78.9352 81.45872 83.75388 85.75926 87.5004 89.08814 90.56757 92.05169 93.5629 95.1823
24.11549 23.88383 23.67549 23.47662 23.37977 23.3033 23.29396 23.3516 23.39724 23.49823 23.5586 23.66363 23.82767 24.19475 24.80644 25.94108 27.60959 29.74259 32.14741 34.82109 35.11788 38.15456 41.32829 44.04227 45.84149 47.03828 47.43685 47.75636 48.31684 49.35817 50.54657 51.47725 52.35692 53.09901 53.63256 53.95975 54.1602 54.27324 54.40865 54.47575 54.48986 54.37545 54.10625 53.57148 52.66951 51.44611 50.42645 49.62669 49.23091 48.9286 48.93563 49.07515 49.28718 50.53897 50.51351 50.32102 50.17374 50.06908 50.38353 52.10341 55.16612 59.18095 63.12091 66.85857 70.37136 73.58174 76.55174 79.22552 81.67583 83.91445 85.9809 87.73478 89.28242 90.65254 92.04361 93.41192 94.7753
24.54591 24.23644 23.99999 23.77162 23.642 23.52288 23.50228 23.5313 23.52905 23.56717 23.56897 23.66365 23.76961 23.98811 24.32994 25.07762 26.35768 28.23809 30.34818 32.55473 31.2139 32.8572 35.04811 37.40915 39.79672 42.11856 43.84492 45.26251 46.8185 48.4588 49.90517 50.93544 51.83499 52.78905 53.46167 54.051 54.37357 54.70208 54.78428 54.87986 54.91931 54.93301 54.77992 54.35994 53.50811 52.2515 50.9745 50.05086 49.53411 49.34282 49.53088 49.96276 50.41378 52.94724 53.21037 53.0489 52.60796 52.20953 52.38929 53.98468 56.92351 60.82706 64.63077 68.22276 71.51539 74.5792 77.34857 79.88369 82.20522 84.31506 86.31122 88.07531 89.61781 90.94203 92.18585 93.42905 94.58144
24.89287 24.55652 24.32116 24.09279 23.96646 23.77965 23.69616 23.62667 23.62205 23.62205 23.67412 23.77619 23.88215 23.94534 24.1123 24.45919 25.26929 26.50256 28.21655 29.59316 26.51762 27.21742 28.58098 31.35421 34.86682 38.47086 41.13403 43.49519 45.62179 47.51555 48.99179 50.03226 50.94289 51.94863 53.05875 53.83394 54.42268 54.79747 55.16652 55.28092 55.3375 55.36845 55.36881 55.20438 54.60466 53.55677 52.20987 50.94909 50.10544 49.91704 50.31951 51.24477 52.23948 54.76296 55.32455 55.64378 55.64184 55.61212 56.07022 57.44254 59.79301 62.75421 66.09023 69.45594 72.70901 75.66255 78.38023 80.79754 82.99687 84.9845 86.79015 88.39275 89.85557 91.17446 92.38129 93.5237 94.62002
25.30682 24.8773 24.64233 24.41396 24.21791 23.99407 23.8741 23.82156 23.80996 23.80009 23.84124 23.89105 23.94744 23.9942 24.05637 24.23001 24.48483 24.96392 25.48599 24.55544 24.36901 24.42568 25.57743 28.30915 32.2643 36.20894 39.44724 41.92233 44.05724 45.77161 47.44767 48.87309 50.06913 51.17106 52.30804 53.43174 54.27053 54.84417 55.38756 55.71238 55.88105 55.93271 56.0202 56.05952 55.77509 55.07877 54.02769 52.66472 51.46801 50.95796 51.43637 52.63119 53.79117 56.50164 57.21513 57.74144 58.05091 58.45129 59.33756 60.75813 62.82854 65.35786 68.14391 71.16354 74.0116 76.83293 79.36253 81.74551 83.91302 85.86225 87.51937 88.96137 90.22869 91.5251 92.71877 93.86107 94.83089
26.65687 25.90688 25.27888 24.88201 24.65615 24.50624 24.35021 24.22752 24.14822 24.13771 24.12784 24.11797 24.1081 24.09823 24.15064 24.14507 24.2071 24.27683 24.53524 24.35833 24.38754 24.37282 24.75058 25.82601 28.06211 31.27845 34.75766 37.93212 40.57447 42.90476 44.78529 46.35494 47.71272 49.04351 50.25891 51.46721 52.77741 53.99352 54.89055 55.51247 55.94818 56.23166 56.5236 56.67809 56.87995 56.80214 56.59687 56.03261 55.25766 54.19751 53.57598 53.57462 54.44881 57.73704 58.57 59.26567 59.96119 60.57527 61.38406 62.41193 63.85543 65.73491 67.95126 70.50821 73.09808 75.68935 78.2009 80.5852 82.86666 84.85472 86.79549 88.41193 89.88148 91.05779 92.20534 93.25807 94.32218
27.69204 26.89495 26.12254 25.4176 25.02654 24.83047 24.71135 24.59223 24.47533 24.46546 24.45559 24.44572 24.43585 24.42523 24.36949 24.32033 24.27822 24.27904 24.35477 24.43185 24.58695 24.99462 25.70525 26.79307 28.69379 31.34879 34.44654 37.36767 39.98417 42.18283 44.05099 45.50119 46.83851 48.17542 49.49275 50.80205 52.05378 53.46198 54.61367 55.56531 56.07114 56.52774 56.9544 57.34198 57.70338 57.83906 57.90382 57.78434 57.53643 57.20021 56.83973 56.71492 57.03191 60.29715 60.88729 61.58429 62.31599 63.11815 64.04552 65.28392 66.74367 68.52785 70.53339 72.77309 75.12974 77.49923 79.86373 82.12379 84.19561 86.1179 87.80167 89.33086 90.68414 91.86453 92.93578 93.89848 94.80103
28.95607 28.31833 27.5027 26.62375 25.99891 25.59964 25.32072 25.12334 24.99656 24.91474 24.8395 24.77347 24.7636 24.751 24.67754 24.59566 24.47459 24.45666 24.41032 25.26198 25.61976 26.32998 27.34332 28.515 30.13519 32.2774 34.75175 37.22602 39.49696 41.57979 43.43727 44.96422 46.28628 47.52142 48.76798 50.10535 51.49787 52.93152 54.2884 55.37463 56.13542 56.80863 57.36674 57.95438 58.4288 58.84024 59.17673 59.38436 59.46405 59.44948 59.46745 59.58421 59.87416 62.61115 63.20458 63.91406 64.82352 65.66762 66.70702 67.952 69.42119 71.20538 73.1031 75.11632 77.15739 79.3091 81.46826 83.53044 85.47482 87.30998 88.90675 90.3201 91.59647 92.7637 93.82179 94.77348 95.67805
30.08531 29.67102 29.09711 28.26702 27.56407 26.94616 26.58137 26.33133 26.2359 26.0773 25.91409 25.70866 25.60659 25.47005 25.38501 25.26599 25.13834 25.1119 25.08868 26.92998 27.37926 27.98339 28.83101 29.93009 31.43795 33.27991 35.49818 37.73274 39.86503 41.70089 43.33099 44.76332 46.17513 47.55651 48.83047 49.97292 51.23546 52.59623 54.08181 55.30838 56.30665 57.12734 57.8981 58.64748 59.27852 59.84399 60.34945 60.74907 61.07749 61.27686 61.56067 61.87285 62.27512 64.90363 65.54517 66.25793 67.17736 68.19559 69.33904 70.6064 72.07318 73.64905 75.3499 77.26599 79.28006 81.29846 83.23732 85.16934 87.06387 88.70176 90.27442 91.57301 92.82504 93.85001 94.90646 95.92008 96.92278
31.10112 30.89633 30.48937 29.94184 29.4622 28.91723 28.52789 28.19212 28.0021 27.83693 27.66626 27.45272 27.27816 27.05535 26.87693 26.64482 26.48499 26.46952 26.60555 28.94855 29.23532 29.73845 30.58904 31.75399 33.24823 35.01622 36.81945 38.62255 40.33125 41.95177 43.45629 44.7748 46.11102 47.52195 48.82141 49.99548 51.13676 52.46661 53.91654 55.29036 56.5078 57.56834 58.54053 59.38955 60.17308 60.79972 61.36098 61.82229 62.31499 62.80146 63.33386 63.80105 64.35371 67.02818 67.8587 68.61396 69.55215 70.50105 71.67501 73.04333 74.52261 76.07946 77.58154 79.39242 81.31789 83.31115 85.11541 86.84737 88.58492 90.25457 91.82907 93.22174 94.39574 95.45827 96.43547 97.4688 98.44389
32.21771 32.30638 32.17309 31.9071 31.51237 31.10315 30.77065 30.38931 30.10792 29.8768 29.70175 29.52671 29.35878 29.22543 29.04709 28.8744 28.75321 28.75959 28.80981 31.20135 31.47816 31.923 32.71849 33.75998 35.08757 36.48597 38.06034 39.63046 41.1109 42.50063 43.80846 45.09502 46.30321 47.53103 48.75069 49.95234 51.14941 52.48709 53.99328 55.52886 56.87398 58.03849 59.05149 60.02531 60.92412 61.70267 62.36965 62.97668 63.59831 64.25349 64.90211 65.55387 66.27304 68.84255 69.75655 70.6244 71.64355 72.62594 73.88299 75.2767 76.85625 78.41969 79.92824 81.70242 83.41773 85.1945 86.74281 88.4321 90.06036 91.75037 93.33123 94.79394 96.07835 97.22009 98.28301 99.3219 100.3604
33.43255 33.67915 33.78877 33.77122 33.62379 33.43653 33.16393 32.96249 32.73738 32.54288 32.28357 32.03082 31.80289 31.66249 31.47429 31.2902 31.14737 31.08693 31.10249 33.61473 33.90657 34.38353 35.0037 35.81913 36.88389 38.22609 39.57511 40.84142 42.0962 43.2769 44.44533 45.53862 46.64932 47.82502 48.94423 50.12456 51.27119 52.58933 53.997 55.54246 56.95574 58.26889 59.43533 60.56832 61.63994 62.62839 63.45166 64.18404 64.90508 65.6789 66.46976 67.22604 68.00747 70.65556 71.61932 72.60416 73.64372 74.71025 75.89404 77.29908 78.87534 80.47105 82.13503 83.7393 85.41249 87.01274 88.58749 90.18728 91.77734 93.38593 94.97034 96.50795 97.91166 99.11514 100.2506 101.3644 102.555
34.48375 34.86476 35.21329 35.51949 35.74786 35.81963 35.81632 35.82097 35.85314 35.72308 35.44037 35.07634 34.77047 34.52415 34.30185 34.00963 33.72208 33.54936 33.49987 36.04421 36.2764 36.67054 37.24621 37.88642 38.74226 39.80497 41.01714 42.17112 43.3095 44.37067 45.43686 46.49976 47.56556 48.62395 49.60637 50.61082 51.63314 52.80654 54.1397 55.61253 57.15237 58.61915 59.99438 61.1764 62.33714 63.39891 64.37838 65.22286 66.10928 67.00239 67.93565 68.82 69.75439 72.2129 73.29842 74.42445 75.52508 76.6925 77.92052 79.40368 80.98804 82.57676 84.15645 85.75847 87.4249 89.00444 90.56521 92.07409 93.63965 95.1569 96.72723 98.21622 99.62416 101.0057 102.2991 103.6134 104.8553
35.61879 36.21799 36.86691 37.4577 37.87967 38.20106 38.53699 38.7727 38.93586 38.82189 38.5871 38.2497 37.99006 37.71568 37.37992 36.93404 36.55249 36.22632 36.08533 38.54627 38.60653 38.89711 39.39336 40.01564 40.83002 41.70309 42.57158 43.60626 44.67847 45.76007 46.60799 47.46906 48.36583 49.31846 50.1942 51.09647 52.09203 53.22208 54.52776 55.91375 57.44955 58.90769 60.32628 61.58627 62.82763 64.00514 65.11948 66.1663 67.17774 68.2031 69.18871 70.16774 71.15752 73.71332 74.85339 75.9809 77.23928 78.52409 79.86769 81.18398 82.68515 84.2915 85.9858 87.651 89.24238 90.8285 92.41073 93.98071 95.53832 97.01802 98.49724 99.87389 101.181 102.5493 104.0053 105.4713 106.8308
36.69762 37.50303 38.31518 39.10581 39.81137 40.44583 41.11217 41.63181 41.93637 41.98493 41.8633 41.63329 41.33488 40.94342 40.4449 39.8822 39.38894 39.01852 38.71087 40.99753 40.98585 41.25126 41.74533 42.30984 42.97875 43.62815 44.42521 45.28772 46.32138 47.33793 48.21188 48.91276 49.55624 50.22281 50.91553 51.71108 52.6439 53.75665 55.01609 56.40447 57.83916 59.24627 60.64127 61.99714 63.33225 64.60905 65.83925 67.03532 68.14924 69.27534 70.38549 71.51189 72.61792 75.14947 76.35789 77.6524 78.9349 80.25111 81.64031 83.08894 84.68372 86.30984 87.97045 89.556 91.1126 92.62588 94.212 95.79813 97.33334 98.72852 100.1225 101.4881 102.8062 104.1061 105.5378 107.0053 108.3898
37.71701 38.61373 39.64998 40.75211 41.83205 42.7684 43.66086 44.35302 44.82032 45.08058 45.1869 45.12363 44.77939 44.21279 43.56749 42.90437 42.30042 41.73058 41.271 43.16097 43.10352 43.40221 43.93145 44.62713 45.3228 46.01584 46.70714 47.43678 48.21954 48.94017 49.60769 50.10268 50.53415 51.00591 51.60938 52.38655 53.3049 54.4096 55.63337 56.96296 58.29911 59.64184 61.02678 62.49827 63.94785 65.31853 66.60979 67.87024 69.04534 70.214 71.45477 72.74966 73.97732 76.20261 77.44592 78.79025 80.11158 81.49947 82.95489 84.52319 86.04687 87.70837 89.52024 91.28835 92.91425 94.39513 95.88992 97.36529 98.77477 100.1555 101.5363 102.9171 104.2874 105.6387 107.0285 108.4224 109.7474
