src/data/elevation/elevation.asc
ncols         495
nrows         537
xllcorner     425607.34991739
yllcorner     5090644.540419
cellsize      9.99999999996
NODATA_value  -9999
[rows 272 to 305 of 537, columns 385 to 461 of 495]
105.6262 107.4574 109.4314 111.6277 114.0555 116.8731 119.8817 123.0937 126.3601 124.4443 128.2569 132.4434 137.3348 142.8768 148.3919 153.1959 157.1237 160.4438 163.3422 165.7574 167.776 169.4213 170.829 172.173 173.6232 175.3241 177.1435 179.0915 181.0149 183.2232 185.8808 188.9654 192.1827 194.6676 196.04 196.1614 195.6753 194.792 193.704 192.4668 191.2797 190.2772 189.5472 183.7155 184.5337 185.6023 186.7277 187.857 188.9884 190.0929 190.987 191.6668 192.1086 192.2724 192.1194 191.8603 191.7031 191.6401 191.6533 191.7705 192.0292 192.3292 192.6335 193.2355 194.3105 196.1586 198.7577 202.0047 205.3422 208.8405 212.9002 218.2033 224.6907 232.0659 239.416 245.7519 249.4759
103.1123 104.8639 106.7258 108.688 110.7183 112.9145 115.2139 117.8812 120.9532 118.7845 122.9313 127.912 134.0161 140.734 147.1563 152.2743 155.987 158.7086 160.8332 162.4771 163.7775 164.8837 165.8389 166.8515 168.1094 169.6971 171.5744 173.6741 175.7209 177.6981 179.7024 181.7964 183.634 184.6992 184.8298 184.2036 183.263 182.4402 182.1424 182.36 182.7336 182.9959 183.2167 177.7229 179.1013 180.2728 181.3291 182.3364 183.2897 184.2825 185.1229 185.9115 186.5172 187.0518 187.3639 187.5681 187.7848 188.0865 188.42 188.7162 189.1329 189.6951 190.5206 191.6177 193.2966 195.6139 198.6601 202.1511 205.7164 209.1314 212.838 217.5721 223.6606 230.8205 238.2116 244.7718 247.2734
99.45277 101.4431 103.3632 105.0919 106.7239 108.4185 110.2719 112.5084 115.3357 112.8865 116.8296 122.0079 129.0703 137.3192 145.1208 150.8536 154.496 156.6654 158.1986 159.1461 159.6534 159.9941 160.5058 161.3533 162.5884 164.1728 166.1231 168.274 170.3864 172.0603 173.0952 173.4101 172.8826 171.6833 170.017 168.4407 167.4737 167.3281 168.2015 169.8053 171.9442 174.1216 176.0845 171.3479 173.1757 174.5087 175.5965 176.5014 177.3324 178.1699 179.0433 179.9727 180.7732 181.4563 182.0653 182.7436 183.4671 184.1794 184.8569 185.4811 186.2526 187.1696 188.4077 189.9858 192.1335 194.8603 198.0853 201.5914 205.1644 208.5503 212.1002 216.3627 221.8731 228.3535 235.3855 241.9621 243.6576
94.6627 96.82713 98.86174 100.5463 101.925 103.2516 104.8259 106.8934 109.6568 106.6107 109.855 114.5011 121.4743 130.613 140.3079 147.8489 152.6317 154.6236 155.3337 155.0468 154.6446 154.532 154.8214 155.5092 156.7272 158.4526 160.6025 162.9041 165.074 166.5872 166.9165 165.732 163.368 160.3336 157.368 155.1348 154.0633 154.3221 155.9277 158.7155 162.2424 165.8107 168.9122 165.5726 167.4429 168.736 169.6701 170.4311 171.1308 171.848 172.6345 173.5794 174.5631 175.6317 176.7431 177.8642 179.0109 180.0946 181.1875 182.1906 183.2892 184.6293 186.22 188.1596 190.5911 193.5605 196.8837 200.3188 203.7438 207.1152 210.5519 214.4653 219.3003 225.127 231.5732 237.9953 238.5159
89.21281 91.27955 93.23586 94.91424 96.29749 97.59582 99.14627 101.2219 103.7724 99.9929 102.8343 106.9291 112.9774 121.3644 131.3221 141.0074 147.581 150.4486 150.2556 149.2045 148.285 147.9814 148.3471 149.2596 150.7628 152.792 155.2182 157.7227 160.0432 161.5897 161.6696 159.8261 156.5287 152.869 149.7777 147.7323 146.7984 147.1212 148.7192 151.6722 155.5405 159.5419 162.9428 160.8785 162.4935 163.5554 164.2648 164.8044 165.3185 165.9569 166.7191 167.6272 168.7457 170.0669 171.5462 173.1035 174.704 176.2129 177.586 178.9512 180.4509 182.1944 184.0931 186.2658 188.8111 191.76 194.9949 198.2657 201.5321 204.8193 208.1188 211.7567 216.0043 221.1555 226.92 232.9034 232.8205
83.37787 85.30666 87.06196 88.63606 90.11616 91.62265 93.36463 95.36987 97.58751 93.52378 95.96227 99.31044 104.1926 110.9756 119.4235 128.2099 135.3808 139.4566 140.5953 140.3056 139.9641 140.1431 140.8583 142.1375 144.0751 146.6746 149.6874 152.6244 155.0692 156.5098 156.338 154.3247 151.0921 147.8521 145.3637 143.7992 143.1242 143.4446 144.8966 147.4608 151.0186 154.9247 158.3761 156.1037 157.4492 158.3178 158.8305 159.1521 159.4547 159.9222 160.6603 161.7589 163.2763 165.1206 167.1125 169.0816 170.8833 172.5712 174.1925 175.8899 177.6972 179.6425 181.7274 184.0374 186.6047 189.4179 192.4009 195.4387 198.4897 201.5703 204.7802 208.3134 212.3387 216.9912 222.1763 227.563 227.0586
77.23045 79.12878 80.89001 82.50108 84.03658 85.63033 87.40005 89.35561 91.4222 87.53027 90.02777 92.92952 96.58065 101.4853 107.6775 114.4584 120.6957 125.477 128.6625 130.3921 131.4466 132.3647 133.5353 135.1169 137.256 140.0359 143.3755 146.7062 149.3897 150.8673 150.7027 148.9638 146.2853 143.6529 141.5941 140.1801 139.6025 140.0237 141.5054 143.9712 147.2044 150.7735 153.8685 150.7147 151.9403 152.7805 153.2509 153.409 153.525 153.8609 154.6675 156.0606 158.1014 160.5531 163.0093 165.2329 167.1493 168.9832 170.8339 172.7806 174.8234 176.9341 179.1379 181.5025 184.0004 186.6833 189.4818 192.3767 195.2711 198.129 201.1607 204.6097 208.55 212.8795 217.5217 222.3118 222.2567
70.912 72.90729 74.82917 76.57681 78.18584 79.787 81.50387 83.35017 85.34106 81.33749 83.87177 86.78908 90.17455 94.16586 98.93514 104.2248 109.3789 113.6951 116.9026 119.3793 121.3354 123.3285 125.4656 127.8484 130.4618 133.3898 136.6031 139.7414 142.3213 143.888 144.1862 143.2045 141.3325 139.27 137.5492 136.3995 136.0018 136.5484 138.064 140.3999 143.2677 146.281 148.8468 144.4543 145.7359 146.7063 147.3685 147.7992 148.1431 148.6266 149.4932 150.9963 153.3725 156.1609 158.8296 161.0748 163.0907 165.1418 167.2582 169.484 171.723 173.9718 176.2722 178.7135 181.2893 183.9672 186.6912 189.4712 192.2708 195.0329 197.8626 201.0703 204.8883 209.0899 213.4447 217.8853 218.1895
64.67535 66.8589 68.92759 70.78221 72.37032 73.82397 75.35538 77.09148 79.09612 74.51765 77.08842 80.13698 83.65082 87.59319 91.94004 96.51318 100.905 104.7327 107.778 110.1099 112.0869 114.2353 116.8784 119.9579 123.2004 126.3439 129.3246 131.978 134.0795 135.4682 136.0615 135.865 135.0355 133.9373 132.9571 132.2827 132.1568 132.744 134.1036 136.0501 138.3346 140.6569 142.7608 137.5683 138.9167 140.0562 141.0602 142.0677 143.1852 144.5316 146.0802 147.8255 149.9332 152.3005 154.7796 157.2682 159.787 162.3819 164.9581 167.5669 170.1912 172.7827 175.3572 177.9887 180.7309 183.4894 186.1971 188.8443 191.4254 193.9768 196.4745 199.2338 202.5528 206.3446 210.3623 214.2797 216.0013
58.75517 61.14799 63.29696 65.12546 66.6331 67.9009 69.11364 70.55032 72.36504 67.03401 69.44204 72.48374 76.14309 80.26169 84.60616 88.94905 93.01804 96.38995 98.94823 100.9887 103.0451 105.651 108.9119 112.5969 116.163 119.2987 121.9243 124.0907 125.8022 126.9798 127.6458 127.8511 127.75 127.5535 127.4512 127.5435 127.8793 128.4858 129.446 130.7668 132.4082 134.1992 135.9763 130.8214 132.3755 133.9428 135.4352 137.0009 138.9642 141.4193 144.2409 147.1209 149.8033 152.2036 154.4997 156.895 159.405 161.9778 164.5998 167.3101 170.1547 173.065 176.0312 179.0304 182.1098 185.1815 188.1383 190.9258 193.4024 195.598 197.6553 199.9858 202.8056 206.0267 209.4286 212.7337 218.0901
53.43695 55.80273 57.82916 59.43689 60.75855 61.86346 62.81415 63.82619 65.19083 59.52167 61.70388 64.64647 68.27068 72.44217 76.8926 81.34552 85.47454 89.04424 91.93314 94.20459 96.26003 98.71834 101.943 105.7929 109.6495 112.8279 115.1559 116.8102 118.0929 119.0897 119.7946 120.2756 120.6626 121.0783 121.6189 122.321 123.0654 123.7846 124.4914 125.3267 126.4291 127.7843 129.2781 126.3287 128.6604 131.5965 135.0955 138.7749 142.3367 145.5947 148.3123 150.3926 152.0289 153.7044 155.6084 157.7386 160.0871 162.5877 165.2319 167.9816 170.9299 174.1312 177.5658 181.1607 184.8513 188.4968 191.8398 194.6319 196.7544 198.4424 200.1385 202.2552 204.9187 207.9746 211.2539 214.6474 221.1668
48.73035 50.69686 52.33496 53.6158 54.68779 55.61113 56.38211 57.11671 58.06992 52.59232 54.27142 56.89463 60.39175 64.51967 68.96418 73.45235 77.83498 81.88619 85.46777 88.44715 91.02907 93.67665 96.75205 100.3493 103.9949 107.0168 109.1193 110.3957 111.2844 112.0068 112.6706 113.3545 114.0941 115.0143 116.098 117.2063 118.1127 118.8169 119.4184 120.0854 121.0847 122.5347 124.3351 127.5822 132.0419 136.6489 141.1062 145.1204 148.2924 150.4927 151.9242 153.0001 154.0959 155.3801 156.9569 158.817 160.9591 163.3643 166.0261 168.9173 172.1408 175.7436 179.7222 184.0754 188.5733 192.8285 196.3407 198.8755 200.5906 201.9117 203.3303 205.1555 207.5078 210.3447 213.6577 217.3142 224.8562
44.29463 45.92215 47.26476 48.34246 49.20414 49.89247 50.43906 50.94587 51.57709 47.84037 48.71677 50.40408 53.20828 57.04368 61.33725 65.67953 70.05711 74.4397 78.68076 82.53196 85.95673 89.1553 92.38613 95.72727 98.88985 101.4604 103.2073 104.2363 104.9019 105.4549 106.0973 106.9087 107.9553 109.28 110.7652 112.1642 113.1858 113.8611 114.5864 115.6917 117.4983 120.077 123.5028 133.1617 139.1481 144.4914 148.3056 150.5069 151.7836 152.8753 154.0254 154.9932 155.8787 156.9476 158.4181 160.2977 162.4931 164.9487 167.6296 170.6283 174.0024 177.8527 182.1969 187.055 192.0777 196.5321 199.869 202.0276 203.499 204.744 206.0884 207.7914 210.0278 212.8652 216.3086 220.3167 228.477
39.82766 41.43183 42.82941 44.00626 44.93521 45.66307 46.26207 46.77543 47.25975 45.13792 46.02612 47.17918 48.80454 51.19702 54.44339 58.31757 62.62829 67.23109 72.10381 76.80968 81.03159 84.73695 88.16705 91.44882 94.35161 96.60126 98.08341 98.97091 99.53762 100.0134 100.577 101.2983 102.314 103.7328 105.4155 107.0026 108.375 109.6824 111.4711 114.0811 117.6918 122.1672 127.3462 140.1517 146.093 149.8403 151.7088 152.6818 153.5617 154.4992 155.5155 156.4464 157.4036 158.5124 159.989 161.7722 163.815 166.1859 168.968 172.1451 175.6988 179.7476 184.2852 189.2606 194.196 198.4625 201.6077 203.6142 205.0223 206.3623 207.9053 209.7878 212.152 215.1995 218.9861 223.4447 231.7127
35.29802 36.93993 38.42327 39.75488 40.938 41.96175 42.86861 43.66258 44.3937 42.66759 43.68163 44.90039 46.30013 47.77312 49.49295 52.10218 55.97863 60.97868 66.38651 71.64128 76.31326 80.40388 84.05698 87.30389 90.06504 92.20406 93.71195 94.7088 95.43563 96.04485 96.6791 97.37008 98.27062 99.48454 101.1015 103.0037 105.1512 107.6821 110.966 114.9792 119.8235 125.8027 132.8818 145.1291 149.8141 152.1456 153.2934 154.0383 154.7242 155.4632 156.3498 157.3799 158.5063 159.7984 161.315 163.1149 165.1708 167.5178 170.3263 173.5964 177.287 181.3373 185.745 190.3887 194.8238 198.603 201.5133 203.5907 205.2513 206.9245 208.9045 211.2243 214.0417 217.4876 221.6735 226.4207 233.9619
30.86742 32.62594 34.17752 35.56821 36.89826 38.19221 39.46776 40.65574 41.71276 40.30703 41.51936 42.90358 44.34325 45.83501 47.29243 48.95193 51.94795 56.60274 62.27966 67.62023 72.17047 76.23994 79.96879 83.28844 86.03764 88.08434 89.62679 90.84653 91.87831 92.78123 93.60899 94.45978 95.57037 97.12969 99.30403 101.9985 105.0083 108.2778 112.1838 117.0602 123.1453 130.3569 138.2314 147.4989 151.1817 153.019 154.0697 154.7605 155.314 155.9413 156.8818 158.0342 159.3512 160.8726 162.5992 164.5406 166.6977 169.137 171.8745 175.0067 178.5386 182.4533 186.5362 190.6623 194.5427 197.8979 200.6567 202.818 204.7544 206.7762 209.2305 212.1154 215.4319 219.2639 223.7298 228.6841 235.4405
26.85523 28.44721 29.8936 31.21832 32.57187 34.20356 36.00587 37.71656 39.09371 37.62266 39.06823 40.58032 42.20742 43.98777 45.85217 47.66094 50.29768 54.19812 59.29108 64.30607 68.80837 72.87046 76.50951 79.66115 82.27019 84.35623 85.99053 87.33752 88.53331 89.66093 90.69041 92.04518 94.06885 96.81116 99.91625 103.0968 106.3614 109.9003 114.1548 119.4948 126.1603 133.833 141.4669 148.3379 151.4971 153.175 153.999 154.6294 155.2132 155.9866 157.018 158.3339 159.8848 161.5723 163.4381 165.5156 167.8048 170.3202 173.0598 176.1101 179.4503 183.0775 186.7983 190.3909 193.7466 196.7374 199.3612 201.6169 203.8376 206.3298 209.3571 212.8177 216.6244 220.7299 225.2803 230.2351 236.3583
24.0739 25.03093 25.97661 26.94139 28.24105 30.13439 32.405 34.53244 36.2205 35.31338 37.2168 39.35879 41.59921 43.76864 45.72116 47.59666 49.63397 52.54479 56.51406 61.08848 65.61844 69.83356 73.62786 76.76692 79.24437 81.23368 82.84978 84.20801 85.37295 86.73733 88.53301 91.1919 94.63314 98.36079 101.7053 104.6555 107.7445 111.4093 115.9251 121.5545 128.4815 136.0667 143.0836 148.4181 151.239 152.7595 153.7291 154.3828 154.9498 155.6792 156.7151 158.1349 159.8958 161.8869 164.0751 166.3952 168.8918 171.4701 174.2131 177.0802 180.1425 183.3386 186.5863 189.6852 192.6258 195.3216 197.819 200.2308 202.8368 205.8929 209.4289 213.2717 217.3853 221.7089 226.4141 231.33 236.9355
22.86441 23.38812 23.85992 24.36231 25.22316 26.73241 28.92322 31.29972 33.46645 35.03619 38.03022 41.17007 44.12506 46.50622 48.31829 49.87833 51.32352 53.01341 55.29986 58.62418 62.72176 66.88915 70.76904 73.98846 76.58215 78.50774 80.01547 81.39594 83.08105 85.33025 88.32561 92.10811 96.26157 100.2372 103.4875 106.2989 109.2777 112.9888 117.6388 123.3896 130.1565 137.3313 143.8185 147.9453 150.6718 152.0319 152.8692 153.3936 153.8682 154.5238 155.7885 157.6359 159.9173 162.2915 164.7382 167.1444 169.689 172.2913 175.0539 177.934 180.8194 183.7115 186.4092 189.0056 191.528 194.0217 196.4778 199 201.8639 205.3439 209.3478 213.6666 218.1234 222.6445 227.3395 232.1041 237.2221
22.8001 23.2398 23.66693 24.9084 25.55103 26.37618 27.28504 29.50535 32.23807 35.83628 40.19527 44.73073 48.2963 50.43559 51.72768 52.9354 53.95686 54.90304 56.19589 58.17081 61.12008 64.64265 68.32208 71.43283 73.82085 75.66564 77.57203 79.84523 82.67418 85.84813 89.41907 93.51342 97.69203 101.613 104.8396 107.7418 110.7628 114.4575 119.1479 124.8127 131.0427 137.552 143.4568 146.5555 149.4051 150.9465 151.6671 151.9292 152.3501 153.2643 154.7971 156.9678 159.5244 162.3757 165.2005 167.9726 170.744 173.4425 176.1517 178.8377 181.5644 184.1971 186.6421 188.8816 191.0556 193.2228 195.5428 198.0376 201.0626 204.7754 209.1357 213.7376 218.4755 223.1858 227.9005 232.5753 237.3534
23.60473 23.96352 24.35654 26.63578 28.25001 29.16028 28.64631 29.74148 32.35783 36.86489 42.23135 47.08036 50.50509 52.13887 53.26794 54.1236 55.243 56.42111 57.8369 59.50714 61.71136 64.11519 66.76096 69.40501 72.19629 75.0302 78.00948 81.05896 84.26577 87.55019 91.02837 94.89676 98.83865 102.5319 105.6575 108.6059 111.7515 115.5142 120.1067 125.3868 131.0827 136.9135 142.2387 144.618 147.5231 149.1738 149.8328 150.201 150.7852 151.9305 153.7095 156.123 158.9977 162.1212 165.3443 168.4847 171.5136 174.4234 177.231 179.9273 182.5584 185.0123 187.2849 189.3268 191.2704 193.127 195.1403 197.4383 200.5353 204.4208 209.0905 213.9175 218.8656 223.6693 228.4233 232.9715 237.1993
24.88591 25.18361 25.52083 26.90627 29.15447 30.60991 30.60273 30.56871 32.63053 37.15368 42.93558 47.915 50.8615 52.2062 53.31781 54.60156 56.19667 58.44492 61.38308 64.96086 68.40561 71.25485 73.28857 74.98288 77.1097 79.75362 82.81234 85.60085 88.16608 90.6282 93.36497 96.53354 99.87438 103.0972 106.0439 108.9806 112.2716 116.0199 120.3686 125.2342 130.4858 135.7181 140.5643 141.7954 144.4061 145.9929 146.9757 147.7885 148.854 150.392 152.513 155.2695 158.5701 162.1178 165.6061 169.0528 172.3126 175.4339 178.3637 181.1625 183.782 186.1275 188.2476 190.2111 192.0061 193.6863 195.4422 197.5364 200.5913 204.5599 209.3655 214.3662 219.4637 224.3772 229.0212 233.2544 236.9372
25.93535 26.24008 26.50262 26.80322 28.01197 29.85634 30.8937 31.40145 32.75903 36.72855 42.59064 47.58861 50.86852 52.31654 53.57634 55.05798 57.34086 60.7587 65.93351 73.66639 82.35748 89.35471 91.93976 91.32924 90.03242 89.79411 90.4838 91.63642 93.03248 94.7514 96.64854 98.7654 101.0728 103.6172 106.3187 109.229 112.5155 116.141 120.2146 124.6556 129.3583 133.9762 138.2764 138.8412 141.1718 142.7493 143.9228 145.1009 146.8002 149.142 151.8513 154.9697 158.424 162.192 165.9814 169.7498 173.2339 176.6412 179.7676 182.7433 185.3719 187.7283 189.8552 191.8501 193.5821 195.1783 196.8017 198.8543 201.82 205.7292 210.3967 215.3169 220.328 225.088 229.4684 233.3094 237.1752
26.42311 26.75086 27.01929 27.33002 27.64791 29.17862 30.27532 31.43383 32.80001 35.96085 41.69131 47.21207 51.10051 52.87887 54.07876 55.61393 58.33809 62.82869 69.57511 79.39445 89.4465 96.59718 99.12226 99.07731 98.58544 98.23642 98.00224 98.019 98.21019 98.84449 99.78687 101.0985 102.7369 104.6591 106.933 109.5232 112.5832 116.0141 119.8644 123.9628 128.1723 132.2295 135.8406 136.6388 138.8447 140.802 142.565 144.2686 146.1464 148.5908 151.6745 155.1286 158.8967 162.7944 166.871 170.784 174.4581 177.9386 181.2564 184.3758 187.1485 189.6085 191.8967 193.9991 195.7854 197.3763 198.9962 201.1427 204.1156 207.8778 212.2852 216.9089 221.6478 226.1319 230.3354 233.9447 237.7531
26.48067 26.82126 27.19726 27.52942 27.93492 29.09655 31.05272 32.11454 33.28747 35.41344 39.72036 45.21334 49.37445 51.82294 53.47744 55.57048 58.88992 63.92092 71.13991 80.78139 90.53851 97.37326 99.97839 100.2375 100.3173 100.4667 100.6557 100.8533 101.1005 101.4363 101.9528 102.8177 104.0831 105.6169 107.5374 109.7498 112.6028 115.7745 119.4423 123.2109 127.1636 130.7866 134.0139 135.2124 137.6323 139.8408 142.0347 144.142 146.5068 149.2075 152.5184 155.9822 159.7571 163.5663 167.5834 171.51 175.3915 179.1365 182.6747 185.9834 188.9609 191.665 194.0355 196.2387 198.1242 199.9947 201.8828 204.2451 207.2068 210.7394 214.7977 218.9676 223.3583 227.5264 231.4821 234.8405 238.8225
26.16445 26.56119 27.05439 27.53098 28.07237 28.69248 31.45693 33.05032 34.41214 36.08607 38.19058 42.85571 47.23285 50.30826 52.35464 54.7715 58.12439 63.20318 69.95026 78.71265 87.33743 94.37879 98.14771 99.84897 100.3703 100.7579 101.1573 101.6237 102.0466 102.4671 102.9282 103.5446 104.4351 105.6692 107.4029 109.6276 112.3005 115.3149 118.7279 122.316 126.0225 129.4372 132.5562 134.3642 137.2388 140.0561 142.4474 144.8405 147.2028 150.1723 153.4968 157.1615 160.8487 164.5428 168.3592 172.445 176.4468 180.4158 184.1641 187.681 190.8634 193.6695 196.109 198.4178 200.5254 202.863 205.1918 207.7522 210.5348 213.7602 217.4424 221.3133 225.4113 229.3027 232.9642 236.077 240.381
25.40496 25.74258 26.18649 26.73953 27.40172 28.08484 28.92278 31.20534 33.89983 34.77202 36.25778 37.7378 40.51659 44.7405 48.52565 51.58422 54.29817 57.53191 61.84206 67.58441 74.54284 81.89909 88.30653 93.08479 96.30253 98.5426 100.0546 101.0089 101.7222 102.0979 102.4041 102.7217 103.2199 103.8838 104.8286 106.485 108.798 111.5837 114.5985 117.8925 121.3717 124.937 128.2605 130.5777 133.8397 137.2977 140.68 143.8333 146.5883 149.0631 151.8156 155.021 158.4761 161.8471 165.2358 168.9402 173.1604 177.4544 181.7304 185.6923 189.3427 192.6598 195.6081 198.2831 200.825 203.1764 205.593 208.0802 210.7854 213.6456 216.7234 220.1457 223.8431 227.6953 231.3233 234.6334 239.7349
25.08709 25.42503 25.87212 26.4284 27.13946 28.06243 29.20522 30.54176 32.64838 34.29403 35.91537 37.64338 39.35643 42.32764 45.94572 49.15886 52.09457 55.44643 59.47274 64.60334 70.25181 76.39237 82.00207 86.79128 90.61673 93.82399 96.4752 98.56966 99.9613 100.7258 101.0033 101.2149 101.4635 101.9071 102.7574 104.693 107.3566 110.6356 113.8569 117.1967 120.5665 123.9431 127.2475 129.7852 133.3945 137.2028 141.2223 145.2194 148.6277 151.4536 153.9312 156.5309 159.2456 162.2053 165.5904 169.4947 173.8362 178.2795 182.7149 186.8995 190.8228 194.3226 197.482 200.48 203.2823 205.7897 208.1211 210.5044 213.2744 216.2632 219.4085 222.7651 226.3615 230.0033 233.5037 236.7153 242.2562
24.71243 25.10861 25.50695 26.02591 26.81916 27.99912 29.53941 31.05213 32.29105 35.15116 37.14093 38.17462 38.91598 40.55971 43.7731 46.76776 49.86379 53.00819 56.41847 60.7216 65.6201 71.13892 75.9734 80.53747 84.51696 88.11247 91.2486 93.84633 95.81918 97.18315 97.93513 98.28009 98.39429 98.8051 100.1046 102.7048 106.0633 109.7373 113.1481 116.4793 119.7171 122.9695 126.2967 128.7017 132.5856 136.6846 141.0623 145.5091 149.328 152.3897 154.7198 157.0352 159.4543 162.32 165.7244 169.5855 174.0661 178.9036 183.7039 188.1712 192.168 195.8768 199.1813 202.3645 205.2593 207.9487 210.2979 212.7107 215.4481 218.5567 221.8694 225.3414 228.8766 232.515 235.9682 239.1974 244.9096
24.4039 24.78896 25.13338 25.60628 26.5109 28.03781 29.85767 31.60828 33.01245 34.94074 36.61654 37.4507 38.49541 39.49422 41.88873 44.63325 47.22275 50.07671 53.6847 57.72893 61.99802 66.18127 70.42932 74.49487 78.3975 82.07449 85.61222 88.58324 91.03752 92.71623 93.90477 94.61943 95.28098 96.64265 98.89378 102.176 105.6799 109.2346 112.4901 115.5901 118.6038 121.7039 125.0295 127.845 131.8368 136.0527 140.3322 144.5741 148.3861 151.5698 154.2279 156.6704 159.1186 162.0181 165.5545 169.6183 174.2167 179.1508 184.3094 189.1893 193.5718 197.4049 200.8061 203.9566 206.9194 209.6958 212.1722 214.6478 217.4069 220.6458 224.185 227.8145 231.4343 235.1026 238.6181 241.9116 247.628
24.47932 24.73714 24.96515 25.3687 26.46689 28.22552 30.29113 32.17704 33.71683 35.82033 37.13433 38.11966 38.64137 39.04377 40.20194 42.53709 44.99326 47.61543 50.68781 54.18954 57.74774 61.41014 65.04379 68.83756 72.55107 76.31834 80.10693 83.42547 86.33519 88.58817 90.42692 91.91076 93.74773 96.43301 99.55859 102.8369 105.8505 108.9012 111.8432 114.7057 117.604 120.7206 124.0734 126.5476 130.5667 134.8511 139.0432 143.0824 146.8047 150.1043 152.9968 155.6728 158.3648 161.4815 165.0715 169.3788 174.2063 179.4196 184.8193 190.0413 194.779 198.7728 202.1231 205.1098 207.9965 210.7463 213.4071 216.0459 219.0519 222.4296 226.2072 230.1111 233.992 237.7993 241.3421 244.6281 249.9656
25.0133 25.41055 25.64182 25.96006 27.05378 28.8839 31.10365 33.03145 34.62702 36.6937 37.52708 38.25949 38.70245 39.00781 39.52676 40.78945 42.89247 45.33363 47.84398 50.58381 53.43901 56.75784 60.0306 63.48627 66.85101 70.64475 74.53022 78.33227 81.76552 84.78115 87.50851 90.1416 93.30392 96.90325 100.4309 103.3731 105.9351 108.4225 110.9546 113.5455 116.345 119.439 122.7824 124.9181 128.9311 133.1135 137.2486 141.1032 144.7211 148.0615 151.2805 154.3898 157.4917 160.7529 164.5463 168.9219 173.9889 179.463 185.1752 190.7073 195.6641 199.7778 203.1431 205.9841 208.7305 211.4495 214.2344 217.1487 220.3809 223.9898 228.0025 232.2336 236.4282 240.4338 244.0552 247.2261 251.8146
26.09094 26.83686 27.36144 27.85109 28.86681 30.52595 32.51389 34.17758 35.56924 37.72185 38.46511 38.93197 39.12346 39.25016 39.55413 40.08064 41.28935 43.01485 45.31666 47.45746 49.48652 51.72384 54.27483 57.44811 61.15178 65.38933 69.7191 73.80146 77.61755 81.19687 84.7579 88.46211 92.59922 96.85049 100.5686 103.4673 105.7154 107.8808 110.0337 112.3811 114.9538 117.9029 121.2139 123.2277 127.1981 131.2721 135.2558 139.096 142.6701 146.2217 149.6952 153.1886 156.4099 159.7712 163.555 168.1488 173.3942 179.1866 185.1471 190.9176 196.0667 200.2711 203.65 206.3984 209.0706 211.8275 214.7682 217.976 221.4573 225.3212 229.6248 234.1657 238.729 243.0016 246.6683 249.5144 253.2114
27.58241 28.53373 29.29902 30.07822 31.08954 32.53966 34.09644 35.52529 36.69943 38.90807 39.44096 39.84845 40.11027 40.30555 40.54812 40.94917 41.40107 42.11182 43.34315 45.18426 47.05281 48.60693 50.01722 52.47842 56.18638 60.93708 65.68972 70.03188 74.07609 77.963 82.0208 86.31722 91.00198 95.78438 99.86048 102.8767 104.988 106.902 108.8746 110.9771 113.4357 116.2149 119.5645 121.298 125.1395 129.1311 133.0928 136.9418 140.6235 144.3224 148.0744 151.6884 155.076 158.3572 162.0576 166.5743 172.0148 178.2141 184.7405 190.9563 196.4061 200.671 204.0048 206.625 209.1172 211.7346 214.7631 218.184 222.0106 226.1744 230.7782 235.6066 240.5018 245.0893 248.7703 251.4087 254.3169
