src/data/elevation/elevation.asc
ncols         495
nrows         537
xllcorner     425607.34991739
yllcorner     5090644.540419
cellsize      9.99999999996
NODATA_value  -9999
[rows 442 to 475 of 537, columns 231 to 307 of 495]
11.35072 11.55404 11.7296 11.80678 11.81102 11.81106 11.81442 11.81771 11.81762 11.81102 11.81102 11.81102 11.81876 11.84626 11.88033 11.91003 11.94406 12.03559 12.17327 12.35115 12.52247 12.66878 12.79292 12.95621 13.14637 13.42513 13.73343 14.01881 14.27593 14.48445 14.79503 15.11949 15.42029 15.69899 16.05752 16.46847 16.84873 17.20757 17.6449 18.08199 18.4751 18.7923 19.0853 19.33111 19.58369 19.85365 20.16449 20.46875 20.78765 21.1762 21.61649 22.04306 22.41614 22.7243 22.97907 23.20086 23.43891 23.72683 24.05458 24.38233 24.71008 25.07232 25.55345 26.28224 27.1174 27.98812 28.85884 29.72956 30.56705 31.36685 32.19712 32.995 33.85843 34.75397 35.7144 36.67219 37.6307
11.41478 11.51917 11.62364 11.73618 11.8091 11.81102 11.81102 11.81102 11.81102 11.81102 11.81102 11.81102 11.81102 11.81102 11.81102 11.81102 11.85047 11.98477 12.17457 12.38978 12.58367 12.7449 12.88728 13.03191 13.25279 13.5082 13.77608 14.01402 14.24495 14.47056 14.92424 15.26212 15.61669 16.03144 16.42217 16.71455 16.92977 17.18401 17.46925 17.7764 18.22104 18.69388 19.10861 19.32711 19.54562 19.80366 20.13141 20.45917 20.81451 21.22743 21.66114 22.07101 22.42602 22.71511 22.93361 23.15211 23.40895 23.7367 24.06445 24.37804 24.66951 25.01712 25.54668 26.30348 27.23779 28.1237 28.99442 29.86514 30.73586 31.56924 32.3724 33.23983 34.14635 35.1184 36.09179 37.06517 38.10638
11.42763 11.48294 11.52335 11.63022 11.74276 11.81102 11.81102 11.81102 11.81102 11.81102 11.81102 11.81102 11.84498 11.92631 12.00107 12.06926 12.14515 12.25675 12.39718 12.56859 12.76131 12.91773 13.0325 13.14775 13.32111 13.48532 13.72398 13.97742 14.28596 14.58969 15.09359 15.45761 15.77146 16.09921 16.47101 16.82015 17.03865 17.25715 17.51926 17.84525 18.17723 18.51953 18.86359 19.18385 19.49754 19.81353 20.14128 20.50026 20.91613 21.34984 21.7564 22.10814 22.43589 22.72169 22.9402 23.1587 23.41882 23.74657 24.07433 24.36079 24.59336 24.914 25.47059 26.36477 27.29914 28.23848 29.11249 29.9865 30.86051 31.73452 32.60852 33.48296 34.39524 35.37192 36.38807 37.46063 38.57533
11.48294 11.48294 11.48294 11.52773 11.6368 11.74915 11.81102 11.81102 11.81102 11.81102 11.81102 11.81102 11.85749 11.96674 12.07599 12.18524 12.29449 12.40374 12.5407 12.73081 12.94602 13.09236 13.12336 13.21387 13.40639 13.62968 13.90922 14.16924 14.4626 14.73878 15.23518 15.52542 15.80133 16.12579 16.49178 16.8311 17.05207 17.26728 17.52928 17.85688 18.18464 18.46992 18.70271 18.94207 19.264 19.68674 20.1029 20.52481 20.96182 21.39882 21.79025 22.11801 22.44576 22.72828 22.94678 23.16528 23.42869 23.75645 24.0842 24.36737 24.6152 24.96849 25.54153 26.36094 27.32876 28.26481 29.13882 30.01283 30.88684 31.76085 32.63485 33.55541 34.53633 35.5163 36.54249 37.67267 38.93975
11.48294 11.48294 11.48294 11.48294 11.53231 11.64338 11.75415 11.81102 11.81102 11.81102 11.81102 11.85164 11.94656 12.05252 12.12261 12.15422 12.19241 12.26836 12.46294 12.74924 13.00239 13.12336 13.14689 13.27005 13.48526 13.72979 13.98532 14.25192 14.57968 14.90743 15.24506 15.57281 15.90057 16.22062 16.54277 16.87381 17.15755 17.37968 17.59818 17.86676 18.19451 18.47241 18.69091 18.90942 19.22696 19.66397 20.13848 20.61788 21.05159 21.45247 21.80013 22.12788 22.45564 22.76156 23.01023 23.22545 23.46669 23.76632 24.09407 24.39165 24.64581 24.97396 25.53372 26.46092 27.3712 28.29114 29.16515 30.03272 30.89754 31.77233 32.65481 33.58457 34.61691 35.70219 36.78499 37.92031 39.17182
11.48294 11.48294 11.48294 11.48294 11.48294 11.53742 11.64996 11.75895 11.81102 11.81102 11.85596 11.95314 12.0591 12.12519 12.13911 12.17565 12.2465 12.36328 12.57185 12.82873 13.04001 13.15005 13.22808 13.38588 13.60109 13.83656 14.07114 14.31739 14.6071 14.9173 15.25493 15.58268 15.91044 16.19231 16.46978 16.79424 17.11871 17.38959 17.6048 17.87663 18.20438 18.52736 18.84041 19.14688 19.46581 19.80825 20.1699 20.58071 21.021 21.44402 21.81 22.13776 22.46551 22.79326 23.09614 23.34128 23.55649 23.80106 24.10394 24.4317 24.75945 25.15386 25.70726 26.61019 27.46722 28.32787 29.18304 29.99803 30.76607 31.58747 32.51605 33.5566 34.59915 35.63993 36.78411 37.98115 39.23549
11.48294 11.48294 11.48294 11.48598 11.48677 11.54005 11.6493 11.75855 11.81102 11.81102 11.86758 11.97683 12.08608 12.13911 12.17964 12.27081 12.41378 12.57238 12.72022 12.87464 13.01021 13.17939 13.36723 13.57598 13.8091 14.05116 14.29622 14.49004 14.68714 14.94206 15.25097 15.56961 15.90065 16.23169 16.56273 16.89378 17.22821 17.5022 17.72063 17.93759 18.21425 18.54201 18.86976 19.19752 19.52527 19.85302 20.18078 20.52367 20.88604 21.29211 21.71564 22.11476 22.47538 22.80313 23.13089 23.40375 23.62225 23.84076 24.11382 24.44157 24.78767 25.23917 25.85127 26.7572 27.56678 28.36509 29.1178 29.88425 30.65888 31.49015 32.37605 33.31495 34.36239 35.51332 36.71548 37.92053 39.18145
11.48294 11.48294 11.48294 11.54356 11.65281 11.76029 11.80497 11.80767 11.81102 11.86328 11.9629 12.06886 12.12823 12.18382 12.32023 12.49991 12.65396 12.73636 12.77516 12.88773 13.08605 13.35745 13.58868 13.78196 14.0055 14.24672 14.48191 14.63914 14.7856 14.98866 15.22531 15.48036 15.80127 16.13231 16.47053 16.80408 17.19212 17.50879 17.72729 17.94579 18.22413 18.55188 18.87964 19.20739 19.53514 19.9096 20.27351 20.59797 20.88132 21.19348 21.56262 21.93834 22.32966 22.7253 23.11436 23.41033 23.62883 23.84734 24.12369 24.45144 24.83683 25.33136 25.99244 26.73855 27.4849 28.19981 28.88032 29.60688 30.37493 31.19902 32.13415 33.12556 34.11742 35.11842 36.24243 37.51305 38.83143
11.48294 11.48294 11.48294 11.54685 11.6561 11.76535 11.81102 11.81102 11.86809 11.96948 12.07544 12.13032 12.18821 12.33109 12.53139 12.70012 12.77934 12.83457 12.89823 13.00879 13.22565 13.49631 13.73883 13.89039 14.05795 14.31071 14.55845 14.73585 14.85765 15.02466 15.2287 15.4161 15.71327 16.05852 16.45349 16.82353 17.20426 17.51237 17.73387 17.95237 18.234 18.56175 18.88951 19.21726 19.54502 19.93535 20.35715 20.7624 21.05548 21.28814 21.54166 21.83929 22.19324 22.57244 22.98999 23.3405 23.61354 23.85392 24.13357 24.46132 24.85 25.34781 25.99876 26.5922 27.26211 27.96113 28.70914 29.48 30.25792 31.03583 31.87686 32.8268 33.82055 34.81369 35.81767 37.01315 38.34061
11.48294 11.48294 11.48833 11.55561 11.66157 11.76864 11.81102 11.81102 11.87768 11.98693 12.09618 12.19279 12.34214 12.54455 12.70901 12.82715 12.91069 12.9985 13.06192 13.10442 13.25402 13.47252 13.75613 13.95389 14.12803 14.34653 14.56503 14.76235 14.90499 15.06463 15.11754 15.3221 15.66982 16.10026 16.54548 16.91794 17.18552 17.40971 17.6315 17.91757 18.24387 18.57163 18.89938 19.22713 19.60871 20.03444 20.46815 20.80661 21.05239 21.27418 21.53747 21.84916 22.17692 22.50467 22.86389 23.21651 23.54755 23.84146 24.14344 24.47119 24.84168 25.31146 25.91451 26.41842 27.12598 27.7244 28.33714 29.05783 29.83379 30.615 31.46044 32.35278 33.30971 34.30942 35.4295 36.58317 37.83386
11.48294 11.49066 11.56219 11.66815 11.77278 11.81059 11.81102 11.87608 11.97924 12.0852 12.1327 12.20872 12.38747 12.65789 12.88349 13.01494 13.07218 13.10832 13.12336 13.12336 13.22371 13.45837 13.76601 13.98774 14.1518 14.35311 14.57162 14.72227 14.83152 14.94077 15.09833 15.27852 15.59976 15.95947 16.4117 16.75075 17.04604 17.30881 17.59843 17.99338 18.35601 18.68048 18.94414 19.23701 19.63403 20.07104 20.50804 20.85712 21.10162 21.31683 21.55713 21.85904 22.18679 22.51454 22.8423 23.17005 23.4978 23.82556 24.15331 24.48107 24.7863 25.15034 25.69737 26.07956 26.77157 27.38607 27.96326 28.59538 29.32425 30.08992 30.86732 31.72332 32.68683 33.75513 34.86789 36.04463 37.26834
11.52829 11.58442 11.6775 11.77715 11.81102 11.81102 11.88137 11.98582 12.09178 12.13431 12.20025 12.3003 12.47906 12.71265 12.94042 13.08646 13.12336 13.12336 13.12336 13.12336 13.19527 13.44812 13.77588 14.03205 14.14933 14.31745 14.53924 14.7131 14.81378 14.91498 14.99566 15.29144 15.63539 15.96935 16.28866 16.6094 16.94071 17.27861 17.68091 18.04393 18.37298 18.63484 18.92374 19.3082 19.73619 20.1699 20.5491 20.88598 21.19162 21.43266 21.69341 21.95754 22.25934 22.54494 22.85217 23.17992 23.50768 23.83543 24.1353 24.42558 24.67517 24.97094 25.42721 25.65227 26.25261 26.89039 27.54486 28.21239 28.89315 29.50961 30.15961 30.91213 31.84868 32.93091 34.11578 35.33727 36.56206
11.81102 11.81102 11.81102 11.81102 11.81232 11.88686 11.9924 12.09836 12.13571 12.27153 12.46218 12.65065 12.79051 12.91662 13.04931 13.11281 13.12336 13.12336 13.12336 13.16597 13.25714 13.43736 13.6981 13.94121 14.07887 14.22816 14.43657 14.65837 14.75344 14.81833 14.91109 15.1986 15.60028 15.95245 16.21392 16.43939 16.74201 17.22297 17.77049 18.16043 18.41371 18.63443 18.929 19.33271 19.76972 20.20673 20.5681 20.89585 21.22361 21.47606 21.76975 22.02243 22.3159 22.56879 22.82378 23.10113 23.38506 23.70695 23.99936 24.265 24.52406 24.80594 25.18014 25.24215 25.67949 26.13042 26.64561 27.21565 27.86679 28.56903 29.35571 30.17042 31.11032 32.12121 33.28449 34.44598 35.64778
11.81102 11.81102 11.81102 11.81472 11.89301 11.99898 12.10494 12.2109 12.38001 12.58247 12.72461 12.78364 12.81311 12.90241 13.01495 13.10259 13.12336 13.12336 13.12336 13.15757 13.25275 13.36529 13.59324 13.82649 14.045 14.18556 14.34507 14.53051 14.66772 14.72651 14.87768 15.12147 15.47641 15.76405 16.07351 16.33432 16.71437 17.15642 17.52059 17.782 18.08896 18.48845 18.98191 19.43794 19.87166 20.2436 20.57797 20.90573 21.23348 21.53462 21.84866 22.09475 22.29884 22.47393 22.68212 22.94468 23.21666 23.52709 23.82454 24.11523 24.4125 24.66229 24.94696 24.74368 24.92296 25.1309 25.4135 25.79415 26.22878 26.85068 27.7089 28.79311 29.92247 31.04534 32.17614 33.37701 34.54105
11.82238 11.83133 11.83372 11.90942 12.00881 12.19368 12.32189 12.5015 12.63383 12.75052 12.79089 12.79528 12.79528 12.8164 12.90899 13.02153 13.10561 13.12336 13.12336 13.12336 13.1615 13.2182 13.4446 13.68761 13.9496 14.13616 14.28813 14.40735 14.49289 14.61834 14.79701 15.01881 15.2406 15.53419 15.8742 16.21491 16.54906 16.9563 17.31157 17.64268 17.9727 18.38651 18.90945 19.44586 19.90541 20.26009 20.58785 20.9156 21.18674 21.49889 21.7784 22.01368 22.15721 22.31702 22.56744 22.84249 23.12354 23.41118 23.68752 23.9237 24.14878 24.37386 24.59894 24.52234 24.62692 24.74067 24.84746 24.89263 24.98866 25.34712 26.04153 27.07852 28.30361 29.54869 30.86197 32.19735 33.58574
11.88659 11.99617 12.11515 12.22987 12.33682 12.44064 12.54368 12.65296 12.76067 12.79212 12.79528 12.79528 12.79528 12.79528 12.81988 12.91557 13.02811 13.10844 13.12336 13.12336 13.12336 13.12336 13.25298 13.46319 13.76962 14.01614 14.20821 14.3402 14.39642 14.57522 14.69435 14.91614 15.13793 15.37194 15.76725 16.20425 16.64126 16.99002 17.31952 17.64728 17.97503 18.38884 18.91179 19.38596 19.76061 20.09944 20.49787 20.90823 21.16794 21.41546 21.6455 21.86729 22.05252 22.26045 22.52052 22.75446 22.97625 23.19804 23.4713 23.71178 23.93686 24.16194 24.36456 24.27021 24.33761 24.43556 24.4648 24.55786 24.67369 24.87578 25.35015 26.08703 27.14561 28.28055 29.50778 30.76512 32.04219
11.83764 11.92402 12.10386 12.31571 12.44771 12.55532 12.66129 12.76725 12.79316 12.79528 12.79528 12.79528 12.79528 12.79528 12.79528 12.82355 12.92215 13.03469 13.11107 13.12336 13.12336 13.12336 13.16995 13.36053 13.67024 13.94695 14.08596 14.16709 14.27264 14.47255 14.61681 14.83531 15.06914 15.3904 15.80436 16.22764 16.65095 16.90975 17.22122 17.55226 17.96641 18.402 18.85071 19.29364 19.64492 19.97597 20.32934 20.69381 21.00965 21.30728 21.59833 21.88281 22.11066 22.27851 22.44089 22.65179 22.87358 23.09537 23.31716 23.53896 23.76075 23.95663 24.08807 24.03582 24.1496 24.25885 24.27822 24.35759 24.46017 24.65888 24.79671 25.1865 25.9303 27.00396 28.22495 29.46619 30.6324
12.03074 12.13465 12.15372 12.2418 12.43679 12.6521 12.77383 12.794 12.79528 12.79528 12.79528 12.79528 12.79528 12.79528 12.79528 12.79528 12.82743 12.92873 13.04127 13.11349 13.12336 13.12336 13.16637 13.31396 13.61573 13.90885 14.08282 14.10761 14.19839 14.39831 14.59837 14.80154 15.13293 15.54719 15.98857 16.33886 16.58001 16.80509 17.12184 17.45288 17.87667 18.23379 18.74265 19.19756 19.6201 19.96163 20.28938 20.68312 21.02006 21.34452 21.61151 21.87349 22.05062 22.17422 22.33628 22.59255 22.81977 23.03827 23.22168 23.43629 23.62853 23.78383 23.90198 24.00952 24.11131 24.22387 24.27352 24.29959 24.30463 24.38392 24.48341 24.68501 25.02583 25.7734 26.78324 27.9196 29.06362
12.15185 12.2472 12.35316 12.45912 12.56508 12.67291 12.7824 12.79528 12.79528 12.79528 12.79528 12.79528 12.79528 12.79528 12.79528 12.79528 12.79528 12.8315 12.93531 13.04785 13.11573 13.12336 13.17362 13.27929 13.54217 13.77603 13.96819 14.03299 14.16566 14.37658 14.47079 14.63721 15.02585 15.38056 15.79635 16.13122 16.36809 16.59317 16.81949 17.2362 17.76824 18.29703 18.83722 19.28448 19.64108 19.9715 20.29926 20.72227 21.06412 21.39188 21.56524 21.72148 21.84318 22.00971 22.27246 22.59287 22.82635 23.04485 23.20556 23.41137 23.56328 23.73705 23.85403 24.04667 24.05912 24.14183 24.30334 24.4973 24.60344 24.61732 24.61145 24.60684 24.71312 24.96083 25.53395 26.26893 27.12438
12.25378 12.35974 12.4657 12.57166 12.67762 12.78359 12.79479 12.79528 12.79528 12.79528 12.79528 12.79528 12.79528 12.79528 12.79528 12.79528 12.79528 12.79528 12.83577 12.94189 13.05443 13.11776 13.12336 13.22127 13.42832 13.64682 13.76775 13.846 14.02409 14.24571 14.2857 14.60578 14.95352 15.3829 15.71991 15.94779 16.16629 16.38479 16.7045 17.22991 17.68376 18.22401 18.60194 19.12405 19.55708 19.97316 20.30913 20.66493 20.93158 21.194 21.38935 21.62892 21.80692 22.0172 22.28083 22.60274 22.87632 23.09677 23.31199 23.5272 23.74241 23.88916 23.99546 24.44551 24.55416 24.65355 24.65317 24.73171 24.73375 24.82136 24.82749 24.92183 24.92577 24.93298 24.98272 25.08006 25.3996
12.38043 12.48311 12.58578 12.68443 12.78926 12.79514 12.79528 12.79528 12.79528 12.88347 12.97087 13.0517 13.0473 12.96192 12.87778 12.80021 12.79528 12.79528 12.79528 12.84024 12.94847 13.06102 13.1196 13.1803 13.30803 13.52967 13.69218 13.80601 13.91156 14.09223 14.23347 14.52893 14.94192 15.35323 15.6952 15.93743 16.16297 16.38962 16.81403 17.25227 17.68957 18.04562 18.46994 18.92621 19.45318 19.82019 20.23207 20.49587 20.79272 21.01973 21.30488 21.62968 21.91327 22.18706 22.45427 22.76805 23.04118 23.25784 23.46976 23.68168 23.89361 24.10553 24.24363 24.73046 24.88274 25.0378 25.10055 25.11486 25.09359 25.04658 24.98589 24.93432 24.93438 24.93438 24.93438 24.93438 25.22402
12.58822 12.69418 12.79289 12.79528 12.79528 12.79528 12.79528 12.79528 12.79528 12.8104 12.92008 13.03262 13.12055 13.0956 13.06041 13.01865 13.00749 12.99762 12.98775 12.97789 13.01765 13.06595 13.12082 13.12336 13.16576 13.33382 13.5504 13.8072 13.96001 14.07411 14.29524 14.51885 14.86501 15.1152 15.42329 15.73163 15.95119 16.28388 16.7211 17.26254 17.80059 18.22626 18.65631 18.99871 19.28047 19.69471 20.1341 20.58912 20.91511 21.1999 21.45093 21.70718 21.97 22.29506 22.62282 22.95057 23.22028 23.48072 23.69484 23.90677 24.11869 24.33061 24.54253 24.99674 25.36283 25.80221 26.33702 26.76715 27.07739 27.24719 27.38943 27.52687 27.75946 28.07408 28.46088 28.91 29.72732
12.57761 12.68686 12.79528 12.79528 12.79528 12.79528 12.79567 12.89907 12.99591 13.0861 13.07623 13.08534 13.10102 13.12327 13.12336 13.12336 13.12336 13.12336 13.12336 13.12336 13.12336 13.12336 13.12336 13.12336 13.12336 13.23103 13.34028 13.55698 13.66815 13.88463 14.00035 14.21906 14.45987 14.8579 15.26802 15.49599 15.6311 15.75388 16.18777 16.73259 17.27884 17.72431 18.16462 18.51089 18.84528 19.07085 19.51323 20.0374 20.58673 20.99354 21.32201 21.60891 21.88885 22.1622 22.47944 22.79733 23.11521 23.38564 23.6618 23.87821 24.13106 24.34377 24.55569 25.21854 25.82086 26.49043 27.14709 27.86916 28.61511 29.34784 29.85983 30.12715 30.37152 30.82282 31.57271 32.40619 33.79462
12.5809 12.69016 12.79528 12.79528 12.79528 12.79908 12.90567 13.01163 13.11441 13.12336 13.12336 13.12336 13.12336 13.12336 13.12336 13.12336 13.12336 13.12336 13.12336 13.12336 13.12336 13.12336 13.12336 13.12336 13.12507 13.23432 13.34451 13.52456 13.63798 13.82862 13.98039 14.22779 14.51197 14.75403 14.97634 15.21221 15.53245 15.86706 16.30736 16.74904 17.29206 17.72617 18.06551 18.39656 18.72946 19.1273 19.5616 20.02365 20.49158 20.93116 21.33188 21.65964 21.98739 22.31514 22.64289 22.97065 23.29762 23.56422 23.82424 24.07797 24.35693 24.56915 24.81405 25.98904 26.88236 27.7418 28.59225 29.36603 30.32019 31.26122 32.18295 32.88303 33.5641 34.44764 35.829 37.48196 39.63523
12.60116 12.70618 12.79528 12.79528 12.79553 12.80289 12.91162 13.02087 13.12336 13.12336 13.12336 13.12336 13.12336 13.12336 13.12336 13.12336 13.12336 13.12336 13.12336 13.12336 13.12336 13.12336 13.12336 13.12336 13.12836 13.23761 13.34686 13.45451 13.53257 13.68226 13.9374 14.2245 14.34715 14.65136 14.88035 15.2043 15.43307 15.77069 16.21005 16.65169 17.09101 17.43368 17.7713 18.11426 18.54853 19.0794 19.59917 20.0319 20.39549 20.83579 21.27418 21.66951 21.99726 22.32502 22.65277 22.98052 23.30828 23.63603 23.96379 24.28878 24.54683 24.83712 25.26174 26.95844 28.07177 29.08685 30.05573 31.12717 32.29589 33.47314 34.63068 35.7685 36.89499 38.21624 39.86566 42.00961 44.38781
12.67999 12.78305 12.79528 12.79595 12.80946 12.91543 13.02139 13.11776 13.12336 13.12336 13.12336 13.12336 13.12336 13.12336 13.12336 13.12336 13.12336 13.12336 13.12336 13.12336 13.12336 13.12336 13.12336 13.12336 13.13165 13.2409 13.35015 13.45417 13.50126 13.71647 13.98994 14.18191 14.32486 14.53114 14.76534 15.08073 15.32601 15.66034 16.00462 16.43857 16.78751 17.22533 17.65658 18.08259 18.52898 19.07524 19.61233 20.04028 20.37698 20.81398 21.25665 21.75242 22.14097 22.51826 22.83615 23.15403 23.47191 23.7898 24.10448 24.38126 24.67754 25.16321 25.899 27.71727 29.01421 30.31334 31.44841 32.66136 33.99031 35.49874 36.99056 38.45384 39.9109 41.4701 43.25312 45.36131 47.55283
12.59078 12.70003 12.79528 12.80917 12.91842 13.02767 13.12074 13.12336 13.12336 13.12336 13.12336 13.12336 13.12336 13.12336 13.12336 13.12336 13.12336 13.12336 13.12336 13.12336 13.12336 13.12336 13.12916 13.1792 13.22926 13.32733 13.39403 13.49999 13.61363 13.7985 13.9031 14.02646 14.23362 14.37155 14.58676 14.81428 15.13253 15.46028 15.78816 16.13562 16.57719 17.02077 17.46436 17.91892 18.45482 19.00436 19.54145 19.97852 20.39014 20.82715 21.27617 21.81052 22.24753 22.67285 23.0006 23.32835 23.65611 23.98386 24.30502 24.56858 24.89176 25.5258 26.45104 28.33102 29.63917 31.06604 32.5164 33.97392 35.62717 37.45288 39.34185 41.01915 42.58701 44.18457 46.07814 48.02865 49.5121
12.59407 12.70332 12.79528 12.81246 12.92171 13.03096 13.12336 13.12336 13.12336 13.12336 13.12336 13.12336 13.12336 13.12336 13.12336 13.12336 13.12336 13.12336 13.12336 13.12336 13.12336 13.13127 13.19208 13.29804 13.3976 13.45735 13.50657 13.61253 13.71402 13.79385 13.9064 14.02924 14.22766 14.43538 14.66266 14.89797 15.1424 15.47016 15.81453 16.23298 16.57918 17.01619 17.46756 18.00007 18.52983 18.99879 19.5293 19.97783 20.48066 20.91437 21.34358 21.7562 22.1965 22.63016 23.01047 23.34556 23.72385 24.08922 24.40453 24.71011 25.22876 26.08337 27.13512 29.0025 30.3514 31.89837 33.64693 35.43605 37.40576 39.37103 41.3734 43.17645 44.95136 46.64235 48.3635 49.62473 50.46387
12.59736 12.70661 12.79528 12.81451 12.92164 13.03418 13.12336 13.12336 13.12336 13.12336 13.12336 13.12336 13.12336 13.12336 13.12336 13.12336 13.12336 13.12336 13.12336 13.13421 13.19368 13.25546 13.34914 13.40219 13.45144 13.4695 13.57875 13.688 13.77953 13.79714 13.87745 13.97134 14.09103 14.24069 14.48024 14.80127 15.13022 15.46859 15.82629 16.2449 16.5737 16.92909 17.38886 17.9384 18.46869 18.92813 19.47323 19.99839 20.52583 20.96284 21.38125 21.72749 22.16449 22.61165 23.08739 23.47457 23.89664 24.26996 24.59108 24.93345 25.57098 26.57585 27.76938 29.58174 31.03305 32.62347 34.48772 36.52256 38.81403 41.09627 43.31672 45.30522 47.08345 48.67762 49.79228 50.49903 50.88157
12.60065 12.7099 12.79528 12.79528 12.81823 12.92822 13.04005 13.12336 13.12336 13.12336 13.12336 13.12336 13.12336 13.12336 13.12336 13.12336 13.12336 13.12336 13.13682 13.20864 13.3146 13.40927 13.45144 13.45144 13.45144 13.47279 13.58204 13.69129 13.77953 13.79463 13.62955 13.71395 13.87988 14.12091 14.34898 14.58387 14.83406 15.18429 15.64455 16.19312 16.68597 17.03331 17.46963 17.95857 18.55318 18.99148 19.43441 19.85401 20.40033 20.91702 21.39112 21.72726 22.10102 22.51486 23.0575 23.54393 23.963 24.29404 24.66309 25.22571 26.0071 27.04906 28.25823 30.02473 31.57657 33.28526 35.24652 37.49861 40.02782 42.60051 45.04367 47.20972 48.88525 49.94737 50.56075 51.00245 51.41362
12.58764 12.70018 12.78797 12.79528 12.79528 12.79546 12.82888 12.94307 13.04809 13.12336 13.12336 13.12336 13.12336 13.12336 13.12336 13.12336 13.12336 13.13963 13.21522 13.32118 13.41335 13.45144 13.45144 13.44008 13.39416 13.36966 13.41579 13.50213 13.57819 13.59792 13.31241 13.43202 13.62717 13.8962 14.16101 14.4979 14.83855 15.17169 15.52594 15.99481 16.51992 16.97958 17.49269 17.98159 18.58542 19.04287 19.53699 19.95446 20.40008 20.81432 21.27633 21.67699 22.07108 22.48076 22.98021 23.48968 23.87499 24.24208 24.64272 25.34661 26.27704 27.42701 28.6728 30.26174 31.84183 33.68354 35.87553 38.30315 41.02304 43.68728 46.29531 48.40886 49.84148 50.59921 51.03119 51.47795 51.95099
12.51406 12.62002 12.72331 12.79528 12.79528 12.79528 12.79625 12.80398 12.81829 12.83553 12.87045 12.96871 13.06039 13.12336 13.12336 13.12336 13.14264 13.2218 13.32776 13.41724 13.43588 13.38032 13.33134 13.2993 13.29134 13.28129 13.29364 13.31634 13.32403 13.3043 13.7332 13.59462 13.56081 13.64246 13.95614 14.32714 14.76744 15.17885 15.53911 15.97689 16.44717 16.96202 17.40921 17.85806 18.35238 18.89106 19.41499 19.85857 20.29364 20.70999 21.13198 21.50616 21.90338 22.35026 22.81051 23.28532 23.70374 24.18131 24.67357 25.41366 26.36648 27.58371 28.87675 30.34694 31.90042 33.70433 35.83401 38.45351 41.37985 44.40513 47.08098 49.05286 50.25605 50.84968 51.25331 51.61638 52.03333
12.6266 12.7286 12.79528 12.79528 12.79528 12.79528 12.79528 12.79528 12.79528 12.79528 12.82815 12.9374 13.04665 13.12336 13.12336 13.12336 13.15557 13.26482 13.37407 13.4331 13.37735 13.32674 13.28486 13.28983 13.35704 13.4786 13.63183 13.72741 13.77953 13.77953 13.77953 13.72628 13.58856 13.59444 13.80012 14.23729 14.68517 15.11779 15.55227 16.02135 16.53127 16.97265 17.40965 17.87439 18.40604 18.9234 19.3764 19.7899 20.17361 20.61391 21.04283 21.42041 21.76135 22.13902 22.5396 22.99853 23.5227 24.10508 24.7007 25.46802 26.44776 27.67638 28.93046 30.13292 31.5116 33.23718 35.38535 38.06046 41.14235 44.42313 47.3911 49.4909 50.54065 50.94667 51.27833 51.60967 51.94926
12.7337 12.79528 12.79528 12.79528 12.79528 12.79528 12.79528 12.79528 12.79528 12.82702 12.92387 13.02983 13.10758 13.12336 13.12336 13.1481 13.23156 13.33752 13.40082 13.37365 13.34208 13.36006 13.42988 13.51689 13.57883 13.6679 13.73185 13.77953 13.77953 13.77953 13.77953 13.78742 13.72542 13.61439 13.78497 14.20837 14.79626 15.20365 15.56587 16.0387 16.58286 17.08552 17.51924 17.95827 18.4419 18.95256 19.38956 19.79118 20.12948 20.49422 20.88801 21.318 21.71474 22.08579 22.44816 22.91966 23.48447 24.07446 24.6445 25.35721 26.38665 27.65524 28.8891 29.46942 30.65486 32.21995 34.33891 37.06289 40.22263 43.61612 46.69714 48.97719 50.34373 50.99441 51.42139 51.77858 52.06798
