src/data/seaside/elevation/elevation.asc
ncols         644
nrows         728
xllcorner     425097.47836978
yllcorner     5089772.3802994
cellsize      9.99999999996
NODATA_value  -9999
[rows 630 to 664 of 728, columns 0 to 79 of 644]
-9999 -9999 -9999 -9999 -9999 -9999 -9999 -9999 -9999 -9999 -9999 -9999 -9999 -9999 -9999 -9999 -9999 -9999 296.4449 294.1025 291.3361 288.4784 285.6419 282.7715 279.8079 276.7993 273.4312 269.7949 266.003 262.2804 258.3609 254.1462 249.6693 244.9972 240.9292 239.2605 240.972 245.405 250.6233 259.1618 263.7167 267.2768 269.9324 271.913 273.2362 274.2086 275.0366 276.2671 278.0253 280.2585 282.5143 284.2555 285.0315 284.8023 283.9903 283.1002 282.1674 281.1831 280.2654 279.5403 279.0904 278.6844 277.9951 276.6322 274.6449 272.4113 270.6048 269.586 269.5943 270.6198 272.7726 275.8609 281.149 284.3922 286.4598 287.3979 287.4695 286.6659 285.2866 283.3869
-9999 -9999 -9999 -9999 -9999 -9999 -9999 -9999 -9999 -9999 -9999 -9999 -9999 -9999 -9999 -9999 -9999 -9999 303.359 300.6974 297.3868 293.7505 290.3672 287.087 283.7702 280.4745 277.2222 273.6862 269.7333 265.4966 261.2173 256.8164 252.2356 247.7529 244.099 242.6207 244.102 248.2981 253.7599 262.6287 267.9543 271.9186 274.4103 276.1791 277.35 278.3628 279.4376 280.936 283.0134 285.7359 288.5428 290.7704 291.6854 291.4544 290.5405 289.521 288.272 286.9312 285.4961 284.0997 282.6893 281.2691 279.8412 278.1233 276.0281 273.7988 272.0443 271.0954 271.1259 271.9923 274.0857 277.356 283.9112 286.9418 288.7057 289.4179 289.5573 289.006 287.705 285.634
-9999 -9999 -9999 -9999 -9999 -9999 -9999 -9999 -9999 -9999 -9999 -9999 -9999 -9999 -9999 -9999 -9999 -9999 307.8846 305.7657 302.664 298.7265 294.8043 291.0692 287.4188 283.709 280.0901 276.5718 272.6144 268.2077 263.5585 258.9648 254.3733 249.8518 246.2116 244.7951 246.3778 250.6322 256.4207 265.8596 271.8044 275.5928 277.5777 279.175 280.5698 281.952 283.3983 285.205 287.5611 290.6477 293.9276 296.5853 297.8777 297.9018 297.0731 295.6862 293.8968 291.8843 289.8045 287.8145 285.8155 283.8003 281.7871 279.6497 277.3308 275.0982 273.3831 272.5933 272.6651 273.818 276.3015 279.9445 286.9191 288.8805 289.6495 289.8011 289.7867 289.6728 288.8327 287.2048
-9999 -9999 -9999 -9999 -9999 -9999 -9999 -9999 -9999 -9999 -9999 -9999 -9999 -9999 -9999 -9999 -9999 -9999 -9999 311.8068 309.4615 306.4595 302.6604 298.4324 294.1722 290.0983 286.097 282.2884 278.5782 274.5785 270.1443 265.4464 260.7486 256.2675 252.2604 249.2793 248.004 249.2478 252.885 261.1789 268.3404 274.648 278.0048 280.0303 281.9016 285.3313 287.2293 289.6313 293.0398 296.8653 300.51 303.0181 304.3278 304.5528 303.6802 301.9117 299.4539 296.7039 293.8376 291.0272 288.3676 285.8963 283.6177 281.3179 278.9701 276.8198 275.1755 274.6197 275.0943 276.9207 279.9012 283.6694 288.9501 289.6985 289.8629 290.0107 289.9777 289.8539 289.1472 287.6847
-9999 -9999 -9999 -9999 -9999 -9999 -9999 -9999 -9999 -9999 -9999 -9999 -9999 -9999 -9999 -9999 -9999 -9999 -9999 315.9073 312.9267 309.3175 305.2986 300.9921 296.6562 292.3444 288.1419 284.0683 280.1022 275.9372 271.5717 266.946 262.3317 258.205 254.9907 252.9469 251.9834 252.5077 254.9839 262.3067 269.2026 275.8355 279.444 282.0602 284.3961 286.5865 288.9505 292.1361 295.9877 300.4118 303.5834 305.4492 305.8572 306.0943 306.0806 305.8264 305.2318 303.623 301.0929 297.7247 294.2208 290.8648 287.8288 285.259 283.0644 281.065 279.3797 278.198 278.0204 279.0062 281.1643 284.191 289.0508 289.8073 289.9542 290.0685 290.0666 289.9837 289.7336 288.7899
-9999 -9999 -9999 -9999 -9999 -9999 -9999 -9999 -9999 -9999 -9999 -9999 -9999 -9999 -9999 -9999 -9999 -9999 -9999 319.184 316.1787 312.2151 307.8941 303.424 298.9265 294.3351 289.9443 285.6926 281.5648 277.2755 272.9329 268.5327 264.0404 260.1831 257.5078 256.065 255.3735 255.3409 256.8625 262.5657 268.74 275.2673 280.0885 283.6042 286.7562 289.9588 293.9294 298.4288 302.3875 305.0727 306.4541 307.1177 307.4462 307.4542 307.2672 306.8618 306.3529 305.5321 303.8715 301.0899 297.42 293.405 289.8404 286.9435 285.0239 283.5913 282.6715 282.2123 282.4406 283.4791 285.3886 287.4846 289.9193 290.1326 290.2632 290.2632 290.1039 289.7625 288.9358 287.4836
-9999 -9999 -9999 -9999 -9999 -9999 -9999 -9999 -9999 -9999 -9999 -9999 -9999 -9999 -9999 -9999 -9999 -9999 -9999 321.5076 318.8539 315.1215 310.4796 305.8446 301.2069 296.4536 291.7362 287.3804 283.2081 279.0906 274.9331 271.1428 267.3584 263.8416 260.9488 259.0727 257.9498 257.4637 258.4374 263.0591 268.3208 274.431 280.3383 285.1367 289.7454 294.3583 299.2303 303.299 305.8774 307.2516 308.1209 308.7165 308.9367 308.8424 308.5526 308.0995 307.4515 306.5869 305.5336 303.5656 300.5162 296.4055 292.2904 288.9554 286.826 285.6897 285.255 285.3514 285.9315 286.9693 288.2097 289.2746 290.4741 290.5966 290.5204 290.3134 289.8925 288.9223 287.252 285.0338
-9999 -9999 -9999 -9999 -9999 -9999 -9999 -9999 -9999 -9999 -9999 -9999 -9999 -9999 -9999 -9999 -9999 -9999 -9999 323.1292 320.7972 317.3495 313.0005 308.2989 303.6174 298.8199 293.8719 289.4667 285.5177 281.8747 278.2255 274.9773 272.0188 269.1725 266.3153 263.7641 261.579 260.0781 260.2414 264.5747 268.5247 274.2775 281.0974 287.4708 293.5125 298.8312 303.3316 306.4064 308.0364 309.1777 309.9212 310.3197 310.4223 310.2658 309.8602 309.2676 308.4948 307.6202 306.6472 305.4434 303.1943 299.7059 295.2904 291.382 288.7778 287.6196 287.4109 287.7372 288.3057 289.1096 289.7444 290.3163 291.106 290.9856 290.6919 290.1665 289.1294 287.2652 284.6777 281.8009
-9999 -9999 -9999 -9999 -9999 -9999 -9999 -9999 -9999 -9999 -9999 -9999 -9999 -9999 -9999 -9999 -9999 -9999 -9999 324.6222 322.3831 319.2076 315.2228 310.6762 306.1159 301.6642 297.1937 292.8468 288.8926 285.4871 282.4886 279.7209 277.1256 274.6497 272.1172 269.5356 266.8356 264.3335 263.2491 267.6294 269.8476 274.6982 282.0554 289.83 296.9822 302.0398 305.9726 308.3796 309.9824 311.184 311.9734 312.2954 312.2457 311.9008 311.3099 310.4874 309.55 308.5614 307.5582 306.4688 305.1446 302.6934 299.1264 295.0924 292.023 290.3112 289.6727 289.8374 290.2346 290.7506 290.9787 291.1326 291.532 291.1324 290.5511 289.5349 287.6618 284.8949 281.5163 278.4223
-9999 -9999 -9999 -9999 -9999 -9999 -9999 -9999 -9999 -9999 -9999 -9999 -9999 -9999 -9999 -9999 -9999 -9999 -9999 325.8504 323.5095 320.6704 317.1559 313.1491 309.0581 305.0961 301.1888 297.1748 293.1956 289.7855 287.019 284.6256 282.1426 279.6555 277.2576 274.9059 272.3694 269.6489 267.7528 270.6644 271.4388 275.212 282.5931 291.0284 298.9084 303.959 307.7603 310.0916 311.9366 313.2822 314.173 314.4946 314.2804 313.5906 312.6417 311.5678 310.4717 309.3602 308.2793 307.2024 306.1575 304.7976 302.4526 299.4229 296.3918 294.2751 292.9807 292.4274 292.239 292.2081 292.0308 291.8116 291.8514 291.1436 290.1743 288.5098 285.9319 282.3426 278.6437 275.6359
-9999 -9999 -9999 -9999 -9999 -9999 -9999 -9999 -9999 -9999 -9999 -9999 -9999 -9999 -9999 -9999 -9999 -9999 -9999 327.7988 325.3486 322.5675 319.4189 316.002 312.3918 308.882 305.5399 302.2321 298.8656 295.5652 292.5271 289.7081 286.9464 284.2742 281.8219 279.4911 277.0082 274.2822 271.8957 272.8075 272.5756 275.4962 282.4362 290.9698 299.1786 304.7253 308.8486 311.6644 313.8968 315.6055 316.6164 316.8044 316.2922 315.2912 314.0152 312.6428 311.2778 310.0074 308.7965 307.7047 306.7127 305.7503 304.4278 302.614 300.1341 297.7298 295.7957 294.6102 293.8623 293.2695 292.79 292.3377 292.0581 291.106 289.7939 287.7028 284.5787 280.491 276.7133 274.0253
-9999 -9999 -9999 -9999 -9999 -9999 -9999 -9999 -9999 -9999 -9999 -9999 -9999 -9999 -9999 -9999 -9999 -9999 -9999 329.9185 327.6543 325.0426 322.1872 319.1641 316.042 312.8999 309.9438 307.1638 304.4253 301.4868 298.3025 294.9848 291.7425 288.7561 286.1463 283.7552 281.1453 278.0812 275.004 275.4302 274.2512 276.4951 282.4758 290.6088 298.8751 305.18 309.8931 313.2193 315.7891 317.6105 318.625 318.7654 318.1031 316.8063 315.1399 313.3596 311.6896 310.2865 309.0229 307.9171 306.9353 306.0589 305.1912 303.9465 302.0264 299.7204 297.5865 295.9904 294.8736 294.0208 293.3788 292.7756 292.1423 291.0799 289.6382 287.4026 284.0878 279.9309 276.2066 273.6642
-9999 -9999 -9999 -9999 -9999 -9999 -9999 -9999 -9999 -9999 -9999 -9999 -9999 -9999 -9999 -9999 -9999 -9999 -9999 332.2745 330.4802 328.3272 325.7397 322.7313 319.7313 316.8214 314.0848 311.4106 308.8256 306.2311 303.3122 300.0406 296.6053 293.4616 290.7809 288.441 285.8726 282.5657 278.6597 280.8828 278.9715 280.2772 284.7402 291.6136 299.1633 305.8377 311.037 314.7414 317.4599 319.0717 319.7973 319.7447 319.0437 317.7008 315.8805 313.8688 312.0071 310.3623 308.9995 307.8514 306.8728 306.0311 305.164 304.0499 302.3873 300.3823 298.4057 296.7356 295.463 294.5066 293.7592 293.0295 292.2038 291.1882 289.8496 287.6787 284.5085 280.5232 276.7808 274.0843
-9999 -9999 -9999 -9999 -9999 -9999 -9999 -9999 -9999 -9999 -9999 -9999 -9999 -9999 -9999 -9999 -9999 -9999 -9999 335.0709 333.5462 332.0123 330.0129 327.3401 324.2582 321.1565 318.2726 315.4468 312.6523 309.9068 307.1512 304.2456 301.1742 298.2512 295.6619 293.3934 291.0578 288.1676 284.4424 288.6583 287.0021 287.1394 289.447 294.1644 300.4827 307.1658 312.7219 316.6096 318.8539 319.7953 319.997 319.8807 319.2815 317.9761 315.9822 313.7415 311.6549 309.9224 308.5402 307.3741 306.3549 305.3834 304.3487 303.1942 301.7194 300.0378 298.3336 296.7761 295.5055 294.507 293.7562 293.0395 292.1758 291.363 290.2458 288.3079 285.3372 281.5041 277.7155 274.7909
-9999 -9999 -9999 -9999 -9999 -9999 -9999 -9999 -9999 -9999 -9999 -9999 -9999 -9999 -9999 -9999 -9999 -9999 -9999 338.3613 336.9811 335.904 334.5522 332.3965 329.3593 325.8869 322.4549 319.1779 316.0166 313.0462 310.2773 307.6658 305.1383 302.676 300.4005 298.2928 296.1989 293.8697 291.2089 295.5593 294.4075 294.1442 295.1749 298.1503 303.1324 309.4022 314.9093 318.3734 319.7026 319.9648 319.9802 319.8157 319.0426 317.5473 315.3887 313.0905 310.9409 309.1436 307.616 306.3238 305.1031 303.8843 302.6527 301.4799 300.2625 298.9409 297.5953 296.2827 295.1675 294.2216 293.4985 292.8574 291.9684 291.3708 290.4822 288.9135 286.312 282.8384 279.1045 275.9712
-9999 -9999 -9999 -9999 -9999 -9999 -9999 -9999 -9999 -9999 -9999 -9999 -9999 -9999 -9999 -9999 -9999 -9999 -9999 340.9871 339.4007 338.1975 337.0663 335.6282 333.3361 330.0089 326.1146 322.3043 318.8663 315.8484 313.1842 310.7708 308.5796 306.5835 304.8331 303.1629 301.3425 299.3076 297.2635 301.8578 301.0854 300.7123 301.1129 303.1145 307.317 312.7917 317.2449 319.4953 319.9297 319.9634 319.9568 319.528 318.2279 316.1639 313.6718 311.44 309.453 307.7193 306.0993 304.5096 302.9851 301.5472 300.2568 299.1741 298.2038 297.2468 296.2974 295.3785 294.5711 293.7726 293.0738 292.4834 291.638 291.1942 290.5235 289.2996 287.1708 284.1834 280.7398 277.5595
-9999 -9999 -9999 -9999 -9999 -9999 -9999 -9999 -9999 -9999 -9999 -9999 -9999 -9999 -9999 -9999 -9999 -9999 -9999 343.3324 341.3784 339.8075 338.4644 337.2029 335.4967 332.7193 328.9875 324.9729 321.4007 318.3867 315.8976 313.7983 311.9511 310.2948 308.8322 307.4538 305.9689 304.3975 302.956 306.9521 306.4942 306.2701 306.6451 308.5988 312.3793 316.4167 319.0448 319.8644 319.935 319.945 319.4383 318.0244 315.7673 313.1085 310.8439 308.9066 307.1902 305.3715 303.4243 301.5307 299.8189 298.3527 297.1234 296.239 295.6361 295.1728 294.6842 294.1594 293.6072 293.0154 292.4668 292.0164 291.144 290.8537 290.3629 289.4077 287.6945 285.2034 282.2847 279.391
-9999 -9999 -9999 -9999 -9999 -9999 -9999 -9999 -9999 -9999 -9999 -9999 -9999 -9999 -9999 -9999 -9999 -9999 -9999 344.7814 342.5883 340.7728 339.2731 337.9425 336.3634 334.0884 330.8918 327.1193 323.5945 320.7009 318.4727 316.6809 315.1968 313.9123 312.6565 311.3613 310.0204 308.7336 307.679 310.7782 310.3855 310.5328 311.5569 313.8518 316.7295 318.8891 319.8049 319.885 319.9428 319.4157 317.7797 315.1004 312.0677 309.4502 307.3756 305.5197 303.5342 301.2902 298.9883 297.0631 295.6065 294.504 293.6661 293.1039 292.7988 292.6798 292.6056 292.4998 292.2716 291.9577 291.6471 291.3873 290.3189 290.1829 289.8168 289.0473 287.6519 285.5799 283.1018 280.5782
-9999 -9999 -9999 -9999 -9999 -9999 -9999 -9999 -9999 -9999 -9999 -9999 -9999 -9999 -9999 -9999 -9999 -9999 -9999 345.4031 343.1112 341.1172 339.5283 338.1368 336.6711 334.7952 332.2136 328.9176 325.5182 322.71 320.7648 319.4412 318.4202 317.5131 316.5051 315.3207 313.9974 312.7001 311.5883 314.3884 313.9906 314.3282 315.5729 317.3741 318.955 319.8199 320.0164 319.9551 319.4925 318.0624 315.2655 311.4787 307.8683 304.9707 302.6476 300.2851 297.7039 295.29 293.3757 292.0715 291.2055 290.5533 290.0653 289.7711 289.6705 289.8026 290.0812 290.3722 290.5253 290.5203 290.4577 290.3882 288.4195 288.4779 288.3354 287.8041 286.7253 285.0826 283.0833 281.0062
-9999 -9999 -9999 -9999 -9999 -9999 -9999 -9999 -9999 -9999 -9999 -9999 -9999 -9999 -9999 -9999 -9999 -9999 -9999 344.933 342.8055 340.9207 339.3348 337.8966 336.4391 334.8531 332.7968 330.1647 327.3108 324.7958 322.9566 321.668 320.7787 320.1274 319.5397 318.7875 317.7303 316.4879 315.2883 317.7636 317.4016 317.5311 318.2021 319.1131 319.847 320.1412 320.1259 319.8256 318.8275 316.5593 312.7612 308.3294 304.5031 301.5885 298.6525 295.2159 292.0286 289.856 288.6655 287.912 287.3347 286.8535 286.4776 286.2463 286.1983 286.3849 286.7523 287.1844 287.5498 287.8216 288.0514 288.2564 285.094 285.4539 285.6607 285.5269 284.9002 283.7438 282.2426 280.6759
-9999 -9999 -9999 -9999 -9999 -9999 -9999 -9999 -9999 -9999 -9999 -9999 -9999 -9999 -9999 -9999 -9999 -9999 -9999 343.6008 341.7471 340.1239 338.6925 337.3556 336.0258 334.5749 332.8522 330.8143 328.5832 326.484 324.7556 323.4467 322.4984 321.7985 321.2401 320.7068 320.0743 319.3013 318.4569 319.9866 319.7796 319.8112 319.9999 320.2158 320.3533 320.3534 320.1203 319.4288 317.9895 315.3658 311.6406 307.5935 303.9875 300.6378 296.7673 292.74 289.3479 287.0728 285.6061 284.5082 283.7239 283.1713 282.8262 282.674 282.6648 282.7581 282.9402 283.2137 283.5367 283.8782 284.2478 284.6639 280.9463 281.6852 282.3178 282.6398 282.537 282.0049 281.1298 280.0642
-9999 -9999 -9999 -9999 -9999 -9999 -9999 -9999 -9999 -9999 -9999 -9999 -9999 -9999 -9999 -9999 -9999 -9999 -9999 341.6499 340.0382 338.7266 337.5269 336.4357 335.3993 334.2403 332.8547 331.1422 329.2728 327.4924 325.9443 324.7043 323.7156 322.9193 322.2495 321.6736 321.1883 320.7613 320.351 320.877 320.7027 320.6463 320.6694 320.723 320.705 320.5457 320.039 319.0217 317.3958 315.0104 312.0013 308.7702 305.6414 302.2062 297.9047 293.2741 289.2684 286.1314 283.5885 281.4867 280.0345 279.2906 279.0298 279.0606 279.1382 279.1263 279.0814 279.1349 279.322 279.5949 279.9145 280.3262 276.6657 277.7811 278.9686 279.8157 280.1602 280.1127 279.7604 279.1881
-9999 -9999 -9999 -9999 -9999 -9999 -9999 -9999 -9999 -9999 -9999 -9999 -9999 -9999 -9999 -9999 -9999 -9999 -9999 339.1172 337.6358 336.4932 335.6658 335.0492 334.4108 333.571 332.4374 331.049 329.4949 327.9616 326.5848 325.4291 324.4687 323.6804 323.0351 322.4876 322.0002 321.5552 321.1698 321.4411 321.255 321.1301 321.0521 321.0019 320.9317 320.7308 320.2166 319.2072 317.6753 315.6093 313.1008 310.4003 307.7802 304.9225 301 295.9341 290.6991 285.9511 281.9543 278.7281 276.5673 275.5221 275.2776 275.4495 275.5832 275.4602 275.1992 275.0437 275.1102 275.3315 275.5919 275.9506 272.6693 274.1936 275.864 277.1776 277.9332 278.2802 278.3624 278.1964
-9999 -9999 -9999 -9999 -9999 -9999 -9999 -9999 -9999 -9999 -9999 -9999 -9999 -9999 -9999 -9999 -9999 -9999 -9999 336.3351 335.2694 334.7566 334.4523 334.0782 333.5636 332.8556 331.9096 330.7381 329.4263 328.1018 326.8729 325.7932 324.8877 324.1449 323.5256 322.9842 322.493 322.0657 321.7106 321.7303 321.522 321.3716 321.2751 321.1902 321.1036 320.9111 320.6025 319.9765 318.778 316.8479 314.4805 312.0214 309.673 307.3826 304.2508 299.34 293.1203 286.8555 281.455 277.232 274.3826 272.9682 272.3214 271.9583 271.6656 271.3221 270.9499 270.6801 270.6534 270.8525 271.1759 271.6979 268.5546 270.4356 272.6388 274.571 275.8636 276.5863 276.9619 277.118
-9999 -9999 -9999 -9999 -9999 -9999 -9999 -9999 -9999 -9999 -9999 -9999 -9999 -9999 -9999 -9999 -9999 -9999 -9999 334.759 334.2512 333.8835 333.5246 333.1335 332.6628 332.0426 331.2421 330.2413 329.1444 328.0184 326.9568 325.9902 325.1461 324.4158 323.7832 323.2349 322.7537 322.3469 322.0032 321.8432 321.6092 321.4571 321.3504 321.2834 321.2102 321.0822 320.8457 320.5138 319.781 318.3589 316.189 313.7521 311.4238 309.2353 306.8824 302.9355 296.9741 289.6952 282.6996 277.2608 273.6519 271.649 270.3169 268.9751 267.7865 266.8959 266.3298 265.9748 265.8377 265.9983 266.454 267.2517 264.0622 266.0223 268.5154 271.0534 273.1424 274.505 275.2841 275.6944
-9999 -9999 -9999 -9999 -9999 -9999 -9999 -9999 -9999 -9999 -9999 -9999 -9999 -9999 -9999 -9999 -9999 -9999 -9999 333.9305 333.4851 333.0628 332.6769 332.2807 331.8275 331.259 330.5486 329.6892 328.7354 327.7669 326.8498 325.9847 325.1743 324.4317 323.7916 323.2588 322.816 322.4445 322.1165 321.8975 321.6352 321.4301 321.317 321.267 321.2195 321.1286 320.9496 320.6817 320.2384 319.2033 317.4161 315.0606 312.6855 310.5382 308.5156 305.8061 300.7314 293.5636 285.4436 278.8229 274.1733 271.2379 268.8878 266.4775 264.2992 262.7558 261.846 261.2961 261.0319 261.129 261.6673 262.6281 259.538 261.2187 263.3869 265.9336 268.5617 270.8378 272.4791 273.4427
-9999 -9999 -9999 -9999 -9999 -9999 -9999 -9999 -9999 -9999 -9999 -9999 -9999 -9999 -9999 -9999 -9999 -9999 -9999 333.2302 332.7952 332.3818 332.0132 331.5993 331.1314 330.5423 329.8501 329.0777 328.2639 327.4249 326.5707 325.7668 325.0371 324.3839 323.7992 323.2881 322.8564 322.496 322.1801 321.9525 321.7207 321.5017 321.3482 321.2208 321.1348 321.0357 320.9117 320.7183 320.4477 319.6441 318.1563 315.9819 313.6579 311.4431 309.3941 307.419 303.7071 297.5667 289.5414 281.9052 276.0022 271.7542 268.3497 265.1333 262.1493 259.9751 258.5338 257.614 257.0648 256.9966 257.428 258.2819 255.4613 256.8825 258.6259 260.8031 263.3496 265.9065 268.1555 269.8275
-9999 -9999 -9999 -9999 -9999 -9999 -9999 -9999 -9999 -9999 -9999 -9999 -9999 -9999 -9999 -9999 -9999 -9999 -9999 332.5884 332.1513 331.7356 331.3464 330.9201 330.4082 329.7956 329.1243 328.3929 327.6579 326.886 326.1213 325.3829 324.7515 324.213 323.7173 323.261 322.8632 322.5299 322.2272 321.8444 321.6342 321.4384 321.2581 321.0771 320.9152 320.8022 320.7475 320.6874 320.5132 319.8487 318.5026 316.4691 314.1604 311.9374 309.904 307.9919 305.2428 300.3566 293.501 285.7249 278.9413 273.4842 269.1401 265.235 261.576 258.6024 256.4375 254.8884 253.7917 253.3191 253.5222 254.3168 251.6276 253.1901 254.8955 256.8683 259.1652 261.6487 264.101 266.1932
-9999 -9999 -9999 -9999 -9999 -9999 -9999 -9999 -9999 -9999 -9999 -9999 -9999 -9999 -9999 -9999 -9999 -9999 -9999 332.0749 331.6393 331.1967 330.749 330.2562 329.7202 329.1005 328.4301 327.7215 327.0062 326.2982 325.601 324.9397 324.3432 323.8479 323.419 323.0523 322.7072 322.399 322.1044 321.5961 321.399 321.2007 321.0186 320.8577 320.7344 320.6385 320.5735 320.502 320.3724 319.8011 318.578 316.6346 314.3614 312.1118 310.0808 308.1828 305.7739 301.8034 296.4048 289.679 282.6847 276.1977 270.8545 266.4526 262.4065 258.6956 255.4127 252.542 250.363 249.2868 249.3585 250.2751 247.8199 249.5782 251.511 253.5878 255.8531 258.2271 260.6029 262.7785
-9999 -9999 -9999 -9999 -9999 -9999 -9999 -9999 -9999 -9999 -9999 -9999 -9999 -9999 -9999 -9999 -9999 -9999 -9999 331.584 331.1586 330.6902 330.1827 329.6205 329.0441 328.4145 327.7642 327.065 326.3318 325.6009 324.9119 324.3026 323.7546 323.2858 322.9041 322.603 322.3363 322.0691 321.823 320.9702 320.8051 320.6488 320.4928 320.3477 320.2421 320.1841 320.1568 320.1412 320.0458 319.5011 318.2563 316.2572 313.9918 311.7444 309.7779 307.9612 305.8175 302.5202 298.0632 292.6734 286.3662 279.7177 273.5541 268.5558 264.1613 259.9231 255.6725 251.4665 247.9383 245.9194 245.5651 246.3895 244.6572 246.2075 248.1264 250.3196 252.6671 255.0753 257.4963 259.7576
-9999 -9999 -9999 -9999 -9999 -9999 -9999 -9999 -9999 -9999 -9999 -9999 -9999 -9999 -9999 -9999 -9999 -9999 -9999 331.042 330.5596 330.0777 329.5443 328.9955 328.3966 327.78 327.1158 326.389 325.6241 324.8348 324.097 323.4381 322.9052 322.4529 322.0936 321.8077 321.5746 321.3537 321.1589 319.6856 319.2852 318.9261 318.5876 318.397 318.3502 318.502 318.7343 318.9094 318.8169 318.1783 316.8496 315.0289 312.972 310.9594 309.0593 307.3372 305.3538 302.5853 298.8273 294.5338 289.3069 283.1369 276.7159 271.1083 266.389 261.8715 257.1789 252.2448 247.7544 244.6524 243.448 243.6627 242.6539 243.4883 245.0253 247.103 249.4206 251.8786 254.3849 256.8387
-9999 -9999 -9999 -9999 -9999 -9999 -9999 -9999 -9999 -9999 -9999 -9999 -9999 -9999 -9999 -9999 -9999 -9999 -9999 330.4622 329.9782 329.4688 328.9528 328.3837 327.7998 327.1418 326.4404 325.6793 324.9023 324.0765 323.2776 322.5262 321.9074 321.4108 321.0359 320.7849 320.5657 320.3337 320.0385 317.7119 316.4191 315.0231 313.937 313.5148 313.6529 314.15 314.8078 315.394 315.7327 315.4822 314.6222 313.2288 311.6261 309.9749 308.3838 306.8773 304.9715 302.4367 299.0482 295.3746 291.1544 285.8614 279.838 273.9082 268.8384 264.1202 259.315 254.1822 249.097 245.2247 243.139 242.504 241.4889 241.5804 242.5396 244.1482 246.2695 248.7256 251.3066 253.9097
-9999 -9999 -9999 -9999 -9999 -9999 -9999 -9999 -9999 -9999 -9999 -9999 -9999 -9999 -9999 -9999 -9999 -9999 -9999 329.9091 329.3728 328.8535 328.2843 327.7318 327.1303 326.5101 325.8322 325.0864 324.2634 323.3969 322.5145 321.6834 320.9597 320.3891 319.9589 319.631 319.3434 319.0264 318.5429 315.0832 312.7393 310.2035 308.4868 308.0222 308.5553 309.5717 310.7921 311.8371 312.5128 312.5923 312.1796 311.3624 310.2407 308.9705 307.6094 306.2276 304.333 301.8372 298.6112 295.3239 291.8281 287.4694 282.1104 276.376 271.1379 266.3627 261.6012 256.4818 251.0895 246.5604 243.5779 242.1188 240.5581 239.959 240.2748 241.423 243.3158 245.6887 248.3249 250.9948
-9999 -9999 -9999 -9999 -9999 -9999 -9999 -9999 -9999 -9999 -9999 -9999 -9999 -9999 -9999 -9999 -9999 -9999 -9999 329.2292 328.7489 328.2381 327.7202 327.1735 326.5905 325.9508 325.2718 324.5531 323.7396 322.8614 321.9261 321.0249 320.1447 319.3881 318.7965 318.3645 317.9668 317.4588 316.6369 312.4451 309.5692 306.7313 305.0253 304.4506 304.81 305.7624 307.0958 308.4774 309.4729 309.9693 309.9633 309.5287 308.795 307.8285 306.6521 305.045 302.982 300.3974 297.6952 294.9129 292.0668 288.2549 283.5141 278.2539 273.1905 268.3976 263.6149 258.5762 253.2518 248.2084 244.3826 241.9431 239.5355 238.0428 237.8356 238.7771 240.5273 242.8359 245.4205 248.122
-9999 -9999 -9999 -9999 -9999 -9999 -9999 -9999 -9999 -9999 -9999 -9999 -9999 -9999 -9999 -9999 -9999 -9999 -9999 328.5751 328.1011 327.65 327.1394 326.593 326.0134 325.4223 324.796 324.1325 323.3708 322.5357 321.6086 320.6403 319.5835 318.6373 317.8436 317.268 316.6924 315.9182 314.6721 310.9496 308.2285 305.8425 304.3507 303.7293 303.5833 303.7801 304.4904 305.6178 306.8203 307.5341 307.8347 307.7252 307.3486 306.4805 305.1414 303.248 301.0398 298.6804 296.3749 293.9691 291.3885 288.1122 283.91 279.3022 274.6081 269.9832 265.1727 260.2354 255.1381 250.0081 245.5761 242.0173 237.9896 235.3265 234.7588 235.7445 237.5833 239.8985 242.4817 245.1817
