src/data/seaside/elevation/elevation.asc
ncols         644
nrows         728
xllcorner     425097.47836978
yllcorner     5089772.3802994
cellsize      9.99999999996
NODATA_value  -9999
[rows 35 to 69 of 728, columns 400 to 479 of 644]
0.6493383 0.6586434 0.7364805 0.8379794 0.9717089 1.107912 1.164827 1.348804 1.518989 1.700031 1.879718 2.057402 2.215774 2.327444 2.466011 2.604389 2.78908 2.956902 3.123397 3.291889 3.487733 3.718472 3.952673 4.185007 4.386838 4.586631 4.786425 4.980731 5.148114 5.313607 5.487358 5.685393 5.854322 6.020816 6.187311 6.371727 6.555695 6.721625 6.886114 7.06707 7.303922 7.458498 7.561234 7.598155 7.6 7.6 7.6 7.6 7.6 7.6 7.6 7.6 7.597808 7.567515 7.503794 7.408059 7.310212 7.243327 7.14435 7.014258 6.856425 6.729404 6.623438 6.547745 6.503315 6.5 6.5 6.5 6.5 6.5 6.5 6.5 6.5 6.5 6.5 6.5 6.531354 6.574593 6.638814 6.673159
0.657243 0.6341821 0.6604421 0.7418901 0.8594318 0.9958621 1.051765 1.267859 1.45009 1.650497 1.840415 2.041977 2.187563 2.329884 2.488839 2.656156 2.791235 2.957817 3.125314 3.325125 3.493641 3.661139 3.893972 4.129069 4.390678 4.592645 4.765105 4.938485 5.107215 5.300076 5.491988 5.691407 5.880742 6.067647 6.2331 6.41088 6.591259 6.758473 6.940525 7.106839 7.343236 7.476908 7.564541 7.599157 7.6 7.6 7.6 7.6 7.6 7.6 7.6 7.6 7.567819 7.534521 7.43729 7.369903 7.272238 7.205353 7.079364 6.948324 6.785228 6.65261 6.553256 6.510651 6.500457 6.5 6.5 6.5 6.5 6.5 6.5 6.5 6.5 6.5 6.5 6.512195 6.543904 6.608523 6.664876 6.698921
0.7787203 0.7096771 0.6541123 0.6335828 0.6633083 0.7473599 0.7876008 0.9728295 1.207699 1.422416 1.623003 1.801755 2.001369 2.176862 2.342164 2.47448 2.633838 2.772177 2.94172 3.106224 3.2999 3.46641 3.632905 3.834507 4.100724 4.368109 4.569283 4.737003 4.9045 5.098109 5.297834 5.497628 5.697422 5.897215 6.097008 6.264002 6.430497 6.596991 6.763485 6.962643 7.183623 7.367718 7.500457 7.566861 7.6 7.6 7.6 7.6 7.6 7.6 7.6 7.6 7.6 7.566817 7.532252 7.466567 7.399775 7.267804 7.140044 7.008906 6.877717 6.713618 6.582001 6.508854 6.500139 6.5 6.5 6.5 6.5 6.5 6.5 6.5 6.5 6.5 6.500056 6.513614 6.545932 6.589737 6.643831 6.676132
0.7986584 0.7320605 0.6660647 0.6330081 0.6160123 0.6675486 0.7414278 0.9283038 1.162399 1.395664 1.607976 1.80777 2.007563 2.206131 2.371721 2.511666 2.644983 2.811399 3.005271 3.170838 3.306952 3.472473 3.639788 3.871029 4.075434 4.341202 4.54259 4.765397 4.931599 5.129856 5.303848 5.503642 5.703436 5.903229 6.102519 6.269013 6.435508 6.602223 6.786177 6.984968 7.206499 7.371728 7.502462 7.567863 7.6 7.6 7.6 7.6 7.6 7.6 7.6 7.6 7.599113 7.564962 7.497516 7.397413 7.300035 7.201356 7.10005 6.967285 6.806496 6.64306 6.539462 6.5 6.5 6.5 6.5 6.5 6.5 6.5 6.5 6.5 6.5 6.500542 6.515619 6.54836 6.593359 6.645841 6.677825 6.7
0.8617675 0.7721988 0.7042344 0.6508299 0.6187676 0.6378371 0.729654 0.9031182 1.151146 1.397171 1.638861 1.846823 2.043609 2.238167 2.401127 2.555978 2.688912 2.848786 3.014279 3.17977 3.345263 3.51265 3.711486 3.910291 4.109306 4.315567 4.544237 4.750062 4.970913 5.16935 5.359214 5.53278 5.70945 5.909244 6.108492 6.294312 6.459804 6.62593 6.808211 7.008005 7.227804 7.403244 7.517702 7.580291 7.6 7.6 7.6 7.6 7.6 7.6 7.6 7.6 7.598111 7.562958 7.492719 7.361299 7.260503 7.131789 7.030672 6.869849 6.707743 6.574858 6.5065 6.5 6.5 6.5 6.5 6.5 6.5 6.5 6.5 6.5 6.5 6.517624 6.550846 6.59692 6.647847 6.679446 6.7 6.7
0.9360536 0.8367929 0.7666234 0.6816583 0.6319605 0.6238163 0.7350146 0.9241417 1.189956 1.465899 1.725949 1.953822 2.159497 2.35292 2.518546 2.640525 2.769151 2.896565 3.056188 3.217545 3.379485 3.546119 3.714611 3.885039 4.085835 4.289449 4.520761 4.721974 4.928416 5.132327 5.358644 5.572556 5.760186 5.935817 6.115051 6.313875 6.498116 6.663608 6.831471 7.030262 7.253161 7.443144 7.539804 7.6 7.6 7.6 7.6 7.6 7.6 7.6 7.6 7.6 7.597108 7.560953 7.488709 7.355514 7.223152 7.093678 6.989414 6.823923 6.661046 6.536146 6.5 6.5 6.5 6.5 6.5 6.5 6.5 6.5 6.5 6.5 6.501088 6.567348 6.600421 6.649852 6.681006 6.7 6.7 6.7
1.019224 0.8967956 0.7891728 0.6928506 0.6317044 0.6275116 0.7782758 1.000751 1.281504 1.575514 1.846366 2.084839 2.308652 2.503433 2.686618 2.790736 2.90725 2.997234 3.123622 3.248693 3.352919 3.483419 3.623779 3.825505 4.030917 4.263166 4.496797 4.72251 4.922304 5.122882 5.330881 5.539894 5.740607 5.9312 6.121066 6.320859 6.519195 6.701919 6.870785 7.067952 7.274347 7.46032 7.553303 7.6 7.6 7.6 7.6 7.6 7.6 7.6 7.6 7.599512 7.592965 7.556561 7.482556 7.351369 7.218308 7.081808 6.920642 6.756154 6.60146 6.529749 6.5 6.5 6.5 6.5 6.5 6.5 6.5 6.5 6.501811 6.519121 6.536054 6.634949 6.664457 6.682507 6.7 6.7 6.7 6.7
1.047946 0.9176729 0.8088955 0.7287757 0.6668103 0.663818 0.8394633 1.098612 1.425034 1.757933 2.075668 2.334731 2.548958 2.725186 2.881568 2.989172 3.068868 3.109841 3.19625 3.29213 3.417157 3.521615 3.657865 3.82935 4.029453 4.236884 4.466783 4.672115 4.873914 5.079395 5.306224 5.527699 5.727493 5.927286 6.12708 6.326874 6.526668 6.722051 6.892921 7.09048 7.31125 7.482491 7.571907 7.6 7.6 7.6 7.6 7.6 7.6 7.6 7.6 7.595069 7.561314 7.516642 7.417588 7.31396 7.181867 7.04495 6.875177 6.688652 6.562337 6.505101 6.5 6.5 6.5 6.5 6.5 6.5 6.5 6.502509 6.522672 6.557182 6.603655 6.684813 6.7 6.7 6.7 6.7 6.7 6.7
1.069615 0.9582607 0.8586157 0.7712702 0.6974374 0.7029226 0.9451838 1.28373 1.687771 2.095294 2.452153 2.717528 2.920235 3.063571 3.140568 3.191201 3.240515 3.291327 3.317646 3.359484 3.460698 3.591218 3.72344 3.861855 4.035158 4.235504 4.438905 4.639701 4.840497 5.046981 5.281076 5.509553 5.710349 5.911145 6.115441 6.332888 6.532681 6.730009 6.916079 7.11487 7.331559 7.485498 7.572909 7.6 7.6 7.6 7.6 7.6 7.6 7.6 7.6 7.594067 7.554869 7.482042 7.375611 7.243406 7.106561 6.943849 6.77986 6.623578 6.531822 6.5 6.5 6.5 6.5 6.5 6.5 6.503451 6.523634 6.544042 6.575336 6.609143 6.654901 6.7 6.7 6.7 6.7 6.7 6.7 6.7
1.097457 0.9758785 0.8563027 0.742461 0.6712406 0.7359533 1.120175 1.602708 2.114611 2.556239 2.89346 3.125813 3.285237 3.381449 3.407675 3.415971 3.419203 3.432771 3.428402 3.4581 3.52608 3.622362 3.720831 3.829017 3.972472 4.15054 4.353341 4.561847 4.791552 5.020699 5.254794 5.482267 5.683064 5.879511 6.070055 6.302582 6.52328 6.73849 6.938283 7.138077 7.351642 7.499501 7.573912 7.6 7.6 7.6 7.6 7.6 7.6 7.6 7.6 7.593064 7.552864 7.472533 7.339337 7.199343 7.034789 6.863968 6.681549 6.560507 6.50399 6.5 6.5 6.5 6.5 6.5 6.504302 6.527721 6.563891 6.611643 6.642937 6.670984 6.68616 6.7 6.7 6.7 6.7 6.7 6.7 6.7
1.124455 0.9854661 0.8361931 0.7105814 0.6524779 0.7846683 1.38718 2.072022 2.730322 3.220921 3.556149 3.743364 3.810831 3.786137 3.72463 3.683099 3.676879 3.65283 3.609972 3.584517 3.618721 3.682602 3.749034 3.831595 3.965315 4.109799 4.288563 4.498123 4.73322 4.968318 5.203415 5.436399 5.655779 5.854026 6.052643 6.285736 6.518828 6.744504 6.94808 7.160164 7.359879 7.506018 7.574914 7.6 7.6 7.6 7.6 7.6 7.6 7.6 7.6 7.592062 7.550147 7.466519 7.334091 7.194331 7.035368 6.892203 6.72986 6.603244 6.521838 6.5 6.5 6.5 6.505463 6.52852 6.55203 6.583323 6.617492 6.659948 6.688247 6.7 6.7 6.7 6.7 6.7 6.7 6.7 6.7 6.7
1.088236 0.9537994 0.8123522 0.6935954 0.6681365 0.8821709 1.804855 2.761763 3.61577 4.206019 4.500217 4.563096 4.459603 4.304613 4.159657 4.036403 3.92466 3.842382 3.767312 3.703245 3.671926 3.686455 3.751204 3.835605 3.9688 4.110828 4.270775 4.431161 4.639483 4.863406 5.118772 5.361098 5.61138 5.834951 6.054277 6.272704 6.506799 6.737032 6.95441 7.167399 7.361597 7.504621 7.575917 7.6 7.6 7.6 7.6 7.6 7.6 7.6 7.59866 7.587085 7.536977 7.42921 7.28818 7.131517 6.990802 6.827077 6.671288 6.556376 6.503741 6.5 6.5 6.506467 6.532768 6.57097 6.619631 6.650925 6.677139 6.689442 6.7 6.7 6.7 6.7 6.7 6.7 6.7 6.7 6.7 6.7
1.061233 0.928037 0.7891257 0.667434 0.7015046 1.057843 2.490726 3.768776 4.819892 5.487669 5.775226 5.697012 5.381572 4.967269 4.648034 4.372573 4.191354 4.048838 3.943324 3.852054 3.774231 3.768817 3.79611 3.884663 3.97281 4.106977 4.252035 4.417049 4.590131 4.784612 5.033146 5.295644 5.561073 5.811564 6.04214 6.266436 6.499529 6.732622 6.961116 7.172125 7.369971 7.510918 7.576919 7.6 7.6 7.6 7.6 7.6 7.6 7.6 7.590023 7.554373 7.497731 7.389392 7.248553 7.084397 6.919956 6.755467 6.609485 6.526562 6.5 6.507847 6.533777 6.560017 6.591311 6.62547 6.664996 6.69131 6.7 6.7 6.7 6.7 6.7 6.7 6.7 6.7 6.7 6.7 6.7 6.7
1.02067 0.8966205 0.7469787 0.6492364 0.7854719 1.388683 3.556628 5.102549 6.207037 6.795558 7.049509 6.91694 6.453848 5.777544 5.229569 4.826568 4.556723 4.356632 4.200087 4.03773 3.918629 3.868266 3.876858 3.910016 3.956593 4.050003 4.196006 4.373552 4.568698 4.766553 4.985664 5.229413 5.482472 5.74131 5.984036 6.23349 6.474543 6.721662 6.955758 7.179496 7.356619 7.500535 7.577921 7.6 7.6 7.6 7.6 7.6 7.6 7.6 7.589021 7.533831 7.432033 7.309101 7.166283 7.03529 6.858762 6.71508 6.580703 6.532017 6.537221 6.565031 6.596325 6.627618 6.658912 6.682922 6.692352 6.7 6.7 6.7 6.7 6.7 6.7 6.7 6.7 6.7 6.7 6.7 6.7 6.7
0.9330394 0.8273327 0.7004259 0.6717932 1.037865 2.030864 4.870185 6.395903 7.270751 7.593504 7.664035 7.563035 7.209233 6.60617 5.903101 5.322086 4.887804 4.603849 4.400859 4.224057 4.061268 3.945724 3.911589 3.943886 3.99909 4.096657 4.221329 4.388716 4.570418 4.761098 4.947977 5.166851 5.413548 5.67038 5.909761 6.160841 6.426981 6.70153 6.946414 7.168149 7.361631 7.503542 7.578924 7.6 7.6 7.6 7.6 7.6 7.6 7.597881 7.583142 7.52695 7.405256 7.251819 7.118115 6.98627 6.830151 6.656565 6.557001 6.543553 6.582995 6.632632 6.663927 6.686508 6.694 6.7 6.7 6.7 6.7 6.7 6.7 6.7 6.7 6.7 6.7 6.7 6.7 6.7 6.7 6.7
0.8084332 0.7125461 0.6338804 0.778467 1.532215 3.016862 5.995265 7.195392 7.676441 7.745978 7.726953 7.677607 7.512163 7.081563 6.432747 5.743529 5.234877 4.892287 4.641819 4.434812 4.243019 4.09747 4.019139 4.010131 4.043273 4.105192 4.208468 4.341332 4.512279 4.695619 4.902309 5.131192 5.369224 5.610798 5.845896 6.100957 6.386192 6.670295 6.936525 7.164157 7.357721 7.506549 7.579926 7.6 7.6 7.6 7.6 7.6 7.6 7.586981 7.551796 7.489152 7.374899 7.230092 7.066925 6.915759 6.783669 6.672849 6.614266 6.604312 6.637572 6.673087 6.695523 6.7 6.7 6.7 6.7 6.7 6.7 6.7 6.7 6.7 6.7 6.7 6.7 6.7 6.7 6.7 6.7 6.703533
0.7066566 0.597006 0.613385 1.069278 2.279775 4.142066 6.780013 7.572306 7.778452 7.786443 7.754557 7.702329 7.58035 7.247721 6.696605 6.055479 5.505272 5.116894 4.830671 4.598287 4.403838 4.260136 4.156404 4.083004 4.078119 4.138104 4.248972 4.379813 4.517848 4.671593 4.860605 5.08102 5.316118 5.551216 5.786314 6.04036 6.32539 6.61847 6.900152 7.144338 7.352653 7.509556 7.580929 7.6 7.6 7.6 7.6 7.6 7.597127 7.577725 7.52706 7.434367 7.292641 7.129531 6.977936 6.858881 6.772648 6.716465 6.692253 6.689084 6.6917 6.69632 6.7 6.7 6.7 6.7 6.7 6.7 6.7 6.7 6.7 6.7 6.7 6.7 6.7 6.7 6.7 6.7 6.704224 6.723025
0.6312532 0.5692053 0.7964019 1.642189 3.265721 5.226947 7.280713 7.735461 7.798536 7.816979 7.790879 7.736012 7.61263 7.337224 6.881804 6.321033 5.803501 5.402836 5.080043 4.79349 4.551822 4.376133 4.268531 4.212587 4.20504 4.237414 4.304157 4.407957 4.537522 4.687994 4.854715 5.058672 5.279389 5.513484 5.747579 5.996177 6.269861 6.560893 6.855463 7.12488 7.358667 7.512563 7.581932 7.6 7.6 7.6 7.6 7.596477 7.578163 7.530843 7.450258 7.349672 7.233541 7.101824 6.971636 6.855548 6.770434 6.718585 6.7 6.7 6.7 6.7 6.7 6.7 6.7 6.7 6.7 6.7 6.7 6.7 6.7 6.7 6.7 6.7 6.7 6.7 6.7 6.704973 6.729539 6.774421
0.6001077 0.7389725 1.313852 2.529886 4.317299 6.104081 7.509864 7.77363 7.8 7.810229 7.79473 7.734006 7.623183 7.399676 7.028548 6.523846 5.993458 5.554299 5.227562 4.96939 4.729554 4.538374 4.416598 4.344782 4.30985 4.308856 4.358099 4.441839 4.559552 4.708353 4.873878 5.049344 5.242421 5.465385 5.710186 5.961681 6.228212 6.521122 6.82958 7.122942 7.349623 7.515571 7.582934 7.6 7.6 7.6 7.6 7.583905 7.547356 7.490017 7.402198 7.287889 7.144086 6.998742 6.868804 6.76905 6.719495 6.701202 6.7 6.7 6.7 6.7 6.7 6.7 6.7 6.7 6.7 6.7 6.7 6.7 6.7 6.7 6.7 6.7 6.7 6.7 6.7 6.721353 6.780157 6.870222
0.6001903 0.9735051 1.909014 3.421664 5.18801 6.677275 7.613874 7.784837 7.813512 7.81251 7.79414 7.737045 7.635739 7.441457 7.115991 6.668051 6.184545 5.76739 5.430274 5.158414 4.903832 4.684119 4.530355 4.44517 4.408864 4.40626 4.438838 4.505943 4.607121 4.729763 4.883398 5.061771 5.255784 5.460319 5.678378 5.919126 6.186872 6.470306 6.780401 7.091402 7.331636 7.518579 7.583936 7.6 7.6 7.6 7.595521 7.571233 7.512249 7.409052 7.279867 7.152565 7.025567 6.912597 6.815057 6.749997 6.716546 6.7 6.7 6.7 6.7 6.7 6.7 6.7 6.7 6.7 6.7 6.7 6.7 6.7 6.7 6.7 6.7 6.7 6.7 6.7 6.706126 6.756271 6.857719 6.983871
0.6291429 1.166687 2.346954 4.053385 5.761056 7.007753 7.658147 7.780726 7.827311 7.833333 7.814964 7.744996 7.645099 7.476776 7.195893 6.780347 6.32202 5.922862 5.587749 5.299778 5.046279 4.845159 4.692054 4.573445 4.507759 4.50716 4.55283 4.616264 4.700203 4.801118 4.937922 5.107484 5.283075 5.46067 5.640267 5.856888 6.116915 6.386314 6.699267 7.033085 7.28764 7.480501 7.553819 7.583016 7.59515 7.6 7.577142 7.514448 7.404089 7.271845 7.145182 7.035106 6.938216 6.84222 6.763313 6.71585 6.700627 6.7 6.7 6.7 6.7 6.7 6.7 6.7 6.7 6.7 6.7 6.7 6.7 6.7 6.7 6.7 6.7 6.7 6.7 6.707025 6.736475 6.827419 6.976646 7.141135
0.6308442 1.28676 2.619437 4.433963 6.096653 7.196175 7.721748 7.784296 7.81944 7.833333 7.813962 7.741989 7.642091 7.489263 7.238608 6.870659 6.458378 6.073911 5.739847 5.438453 5.173874 4.973756 4.840423 4.735259 4.66813 4.63389 4.657174 4.705136 4.791418 4.885551 4.995676 5.123761 5.283048 5.459573 5.637592 5.838351 6.070788 6.320049 6.62654 6.969984 7.175946 7.36995 7.461902 7.517606 7.547775 7.550297 7.504874 7.407787 7.272403 7.137858 7.029089 6.9322 6.836806 6.759872 6.7142 6.700163 6.7 6.7 6.7 6.7 6.7 6.7 6.7 6.7 6.7 6.7 6.7 6.7 6.7 6.7 6.7 6.7 6.7 6.7 6.7 6.719142 6.785157 6.910465 7.073622 7.234282
0.6050953 1.296487 2.707854 4.615427 6.314707 7.355443 7.789771 7.814413 7.825629 7.825737 7.801555 7.728579 7.63541 7.498646 7.271442 6.948318 6.566638 6.192608 5.847925 5.571461 5.334185 5.135619 4.964483 4.854291 4.802921 4.783307 4.799407 4.847017 4.914182 4.983181 5.056983 5.163274 5.316391 5.473528 5.638501 5.807708 6.013677 6.229159 6.520483 6.855337 7.027078 7.212505 7.310738 7.379281 7.402952 7.37444 7.301717 7.21383 7.119962 7.023073 6.926183 6.831452 6.756491 6.712792 6.7 6.7 6.7 6.7 6.7 6.7 6.7 6.7 6.7 6.7 6.7 6.7 6.7 6.7 6.7 6.7 6.7 6.7 6.7 6.7 6.7 6.727903 6.82561 7.004478 7.200665 7.355522
0.5191585 1.113872 2.52673 4.564422 6.39278 7.462126 7.794313 7.818955 7.819957 7.799549 7.759961 7.688542 7.620672 7.50431 7.282835 6.973698 6.61653 6.289505 5.988929 5.728592 5.512522 5.3295 5.178444 5.059959 4.97723 4.948336 4.92833 4.94065 4.961631 5.024065 5.114669 5.229923 5.353712 5.495713 5.656736 5.813801 5.968178 6.122816 6.387611 6.714816 6.844628 7.007025 7.095796 7.172963 7.209891 7.197577 7.14815 7.086564 7.008063 6.918112 6.826158 6.75317 6.711444 6.7 6.7 6.7 6.7 6.7 6.7 6.7 6.7 6.7 6.7 6.7 6.7 6.7 6.7 6.7 6.7 6.7 6.7 6.7 6.7 6.7 6.7 6.742294 6.858592 7.051516 7.244736 7.387288
0.4005787 0.7654186 2.077818 4.258986 6.305136 7.467638 7.778366 7.809675 7.804358 7.777587 7.714298 7.651904 7.611023 7.533174 7.3492 7.050922 6.698298 6.373194 6.095353 5.851676 5.639261 5.436106 5.298234 5.19409 5.132206 5.095396 5.07811 5.075204 5.090551 5.14326 5.230224 5.317078 5.4101 5.523172 5.647783 5.776398 5.890034 6.004064 6.24308 6.549154 6.647116 6.805689 6.904062 6.979013 7.025571 7.026882 6.985325 6.93061 6.869559 6.809631 6.74991 6.710157 6.7 6.7 6.7 6.7 6.7 6.7 6.7 6.7 6.7 6.7 6.7 6.7 6.7 6.7 6.7 6.7 6.7 6.7 6.7 6.7 6.7 6.7 6.7 6.744298 6.869433 7.062181 7.26561 7.405153
0.3530558 0.465198 1.584829 3.807026 6.100175 7.432028 7.765057 7.799091 7.792629 7.755635 7.681846 7.633019 7.600722 7.52187 7.353245 7.070377 6.74756 6.420737 6.152399 5.935781 5.755315 5.586003 5.438326 5.346025 5.275752 5.228865 5.214387 5.229249 5.27388 5.314878 5.357538 5.40004 5.464378 5.541393 5.606488 5.681859 5.765886 5.86375 6.079886 6.202538 6.499924 6.653252 6.753096 6.818539 6.85833 6.871455 6.857228 6.828535 6.778669 6.738119 6.70893 6.7 6.7 6.7 6.7 6.7 6.7 6.7 6.7 6.7 6.7 6.7 6.7 6.7 6.7 6.7 6.7 6.7 6.7 6.7 6.7 6.7 6.7 6.7 6.7 6.746304 6.859136 7.054148 7.261895 7.416663
0.3480441 0.2555061 1.15291 3.335435 5.838712 7.38031 7.725683 7.75239 7.743655 7.693287 7.636938 7.606217 7.575686 7.487808 7.313931 7.066717 6.805139 6.54019 6.276148 6.03535 5.848957 5.704637 5.591165 5.487308 5.42972 5.390625 5.376148 5.394935 5.428051 5.459285 5.47112 5.477595 5.509702 5.553482 5.590225 5.619468 5.650445 5.708882 5.921319 6.121846 6.423541 6.554992 6.638783 6.714046 6.759434 6.771558 6.774565 6.758867 6.734316 6.707764 6.7 6.7 6.7 6.7 6.7 6.7 6.7 6.7 6.7 6.7 6.7 6.7 6.7 6.7 6.7 6.7 6.7 6.7 6.7 6.7 6.7 6.7 6.7 6.7 6.7 6.739103 6.851445 7.033814 7.23461 7.387373
0.3485304 0.1765374 0.9392929 3.071247 5.634857 7.300433 7.633966 7.687253 7.678268 7.634017 7.605268 7.592217 7.558442 7.44908 7.267392 7.023882 6.789132 6.538535 6.299744 6.089513 5.912664 5.792476 5.689363 5.633649 5.594432 5.578155 5.549917 5.521472 5.517965 5.542443 5.549038 5.529632 5.530509 5.557929 5.591228 5.6 5.6 5.611617 5.82456 6.067952 6.376964 6.514079 6.59336 6.653285 6.691887 6.7 6.7 6.7 6.7 6.7 6.7 6.7 6.7 6.7 6.7 6.7 6.7 6.7 6.7 6.7 6.7 6.7 6.7 6.7 6.7 6.7 6.7 6.7 6.7 6.7 6.7 6.7 6.7 6.7 6.7 6.734719 6.845489 7.027858 7.219388 7.366744
0.3243644 0.1512678 0.8947311 2.984401 5.491165 7.172137 7.55294 7.637784 7.636058 7.606911 7.6 7.565582 7.504831 7.386665 7.207634 6.978285 6.766981 6.568079 6.375276 6.180269 6.032428 5.922356 5.818759 5.766736 5.753132 5.747488 5.716637 5.678326 5.665784 5.666829 5.664607 5.63493 5.605967 5.590377 5.597003 5.6 5.6 5.6 5.79085 6.044487 6.363598 6.522911 6.624628 6.671009 6.695111 6.7 6.7 6.7 6.7 6.7 6.7 6.7 6.7 6.7 6.7 6.7 6.7 6.7 6.7 6.7 6.7 6.7 6.7 6.7 6.7 6.7 6.7 6.7 6.7 6.7 6.7 6.7 6.7 6.7 6.7 6.742402 6.850415 7.026961 7.201396 7.344877
0.3062774 0.1331806 0.8845112 2.943298 5.395846 7.069723 7.608981 7.676613 7.641529 7.605908 7.6 7.545288 7.471179 7.342676 7.1769 6.935477 6.703606 6.502997 6.358204 6.225008 6.118859 5.992064 5.910288 5.842026 5.852195 5.831303 5.819666 5.788903 5.779369 5.776361 5.753766 5.720228 5.666989 5.628177 5.60415 5.6 5.6 5.6 5.785 6.049764 6.373623 6.553622 6.650792 6.693926 6.7 6.7 6.7 6.7 6.7 6.7 6.7 6.7 6.7 6.7 6.7 6.7 6.7 6.7 6.7 6.7 6.7 6.7 6.7 6.7 6.7 6.7 6.7 6.7 6.7 6.7 6.7 6.7 6.7 6.7 6.7 6.727162 6.814715 6.968797 7.127504 7.259206
0.2154928 0.06418601 0.8765784 2.924864 5.39994 7.10039 7.678756 7.704838 7.643077 7.604906 7.6 7.543283 7.440604 7.283759 7.09001 6.873363 6.669332 6.496688 6.354681 6.220999 6.116785 6.016151 5.943143 5.928252 5.952543 5.951692 5.947042 5.938103 5.932111 5.88479 5.825251 5.766387 5.719054 5.664155 5.626173 5.603376 5.6 5.6 5.778523 6.070951 6.398005 6.576989 6.656592 6.694929 6.7 6.7 6.7 6.7 6.7 6.7 6.7 6.7 6.7 6.7 6.7 6.7 6.7 6.7 6.7 6.7 6.7 6.7 6.7 6.7 6.7 6.7 6.7 6.7 6.7 6.7 6.7 6.7 6.7 6.7 6.7 6.717546 6.786638 6.924316 7.064444 7.174627
0.1579978 0.01852571 0.872222 2.886833 5.400187 7.125119 7.678755 7.71632 7.654177 7.616007 7.601311 7.541279 7.416028 7.25354 7.057787 6.881879 6.686447 6.51681 6.354009 6.216989 6.141896 6.075362 6.035016 6.000266 6.023045 6.050927 6.076417 6.052555 6.02305 5.981843 5.936734 5.869509 5.808313 5.740251 5.681753 5.626955 5.602662 5.6 5.784559 6.097947 6.427004 6.583998 6.658597 6.695931 6.7 6.7 6.7 6.7 6.7 6.7 6.7 6.7 6.7 6.7 6.7 6.7 6.7 6.7 6.7 6.7 6.7 6.7 6.7 6.7 6.7 6.7 6.7 6.7 6.7 6.7 6.7 6.7 6.7 6.7 6.7 6.7 6.719055 6.800907 6.913923 7.01966
0.127904 0.01232555 0.873079 2.830237 5.34417 7.069054 7.684762 7.733334 7.684348 7.637285 7.602936 7.539274 7.412018 7.241203 7.03831 6.839871 6.642082 6.478113 6.343129 6.214625 6.141872 6.103426 6.098169 6.0943 6.12101 6.151302 6.181594 6.176726 6.165851 6.130349 6.070333 6.000701 5.910224 5.819188 5.730155 5.660259 5.622163 5.602008 5.806051 6.122261 6.451319 6.589202 6.660602 6.696933 6.7 6.7 6.7 6.7 6.7 6.7 6.7 6.7 6.7 6.7 6.7 6.7 6.7 6.7 6.7 6.7 6.7 6.7 6.7 6.7 6.7 6.7 6.7 6.7 6.7 6.7 6.7 6.7 6.7 6.7 6.7 6.7 6.7 6.741247 6.799253 6.882662
0.0405355 0.003131157 0.8719333 2.784255 5.305234 7.016325 7.668314 7.718523 7.688828 7.636446 7.601934 7.537269 7.399523 7.19666 6.967117 6.772897 6.583877 6.449797 6.314857 6.239964 6.202346 6.2 6.197007 6.194 6.221911 6.279377 6.337035 6.336616 6.331603 6.295843 6.249222 6.157064 6.052953 5.948043 5.843133 5.733393 5.657564 5.604345 5.827948 6.324228 6.529866 6.621314 6.675604 6.698633 6.7 6.7 6.7 6.7 6.7 6.7 6.7 6.7 6.7 6.7 6.7 6.7 6.7 6.7 6.7 6.7 6.7 6.7 6.7 6.7 6.7 6.7 6.7 6.7 6.7 6.7 6.7 6.7 6.7 6.7 6.7 6.7 6.7 6.7 6.722253 6.755912
0 0 0.8506811 2.729745 5.249306 6.963847 7.619705 7.712134 7.6932 7.658232 7.612236 7.535553 7.380389 7.148562 6.921232 6.745031 6.609531 6.503654 6.374361 6.272363 6.203523 6.2 6.231 6.261306 6.321529 6.384991 6.448581 6.474583 6.471813 6.436054 6.398745 6.298073 6.257615 6.214609 6.204001 6.135798 6.088269 6.049691 6.166955 6.563281 6.612713 6.665075 6.698973 6.7 6.7 6.7 6.7 6.7 6.7 6.7 6.7 6.7 6.7 6.7 6.7 6.7 6.7 6.7 6.7 6.7 6.7 6.7 6.7 6.7 6.7 6.7 6.7 6.7 6.7 6.7 6.7 6.7 6.7 6.7 6.7 6.7 6.7 6.7 6.7 6.723943
