src/data/seaside/elevation/elevation.asc
ncols         644
nrows         728
xllcorner     425097.47836978
yllcorner     5089772.3802994
cellsize      9.99999999996
NODATA_value  -9999
[rows 210 to 244 of 728, columns 320 to 399 of 644]
0.3 0.3 0.3072374 0.3405367 0.3810052 0.4404685 0.480869 0.5474676 0.6140662 0.6791019 0.7318526 0.7572184 0.7583783 0.7598038 0.7333333 0.7197438 0.659906 0.61988 0.5532814 0.4846781 0.4180796 0.3590738 0.3257746 0.3 0.3 0.3 0.3 0.3 0.3 0.3 0.3 0.3 0.3 0.3 0.3 0.3 0.3 0.3 0.3 0.2790605 0.1791627 0.07926488 0 0 0 0 0 0 0.02001978 0.1199176 0.2198154 0.3 0.3 0.3 0.3 0.3074372 0.3407364 0.3740357 0.4 0.4 0.4 0.3927673 0.359468 0.3261688 0.3 0.3 0.3 0.3 0.3 0.3 0.3 0.3 0.3 0.3 0.3 0.3 0.3 0.3 0.3 0.3066193
0.3 0.3 0.3082397 0.3415389 0.3830098 0.4414709 0.4828736 0.5494723 0.6160708 0.6826694 0.7413006 0.7666667 0.7666667 0.7588015 0.7333333 0.7177391 0.6589036 0.6178753 0.5512767 0.4826735 0.4160749 0.3580715 0.3247722 0.3 0.3 0.3 0.3 0.3 0.3 0.3 0.3 0.3 0.3 0.3 0.3 0.3 0.3 0.3 0.2782956 0.1888095 0.09191928 0.01431455 0 0 0 0 0 0.01461375 0.08320259 0.1800928 0.2646222 0.3 0.3 0.3 0.3 0.3051463 0.3297342 0.364036 0.3925016 0.4 0.3980168 0.3847731 0.3524764 0.3214014 0.3 0.3 0.3 0.3 0.3 0.3 0.3 0.3 0.3 0.3 0.3 0.3 0.3 0.3 0.3053471 0.3299006
0.3 0.3 0.309242 0.3425413 0.3850144 0.4424732 0.4848783 0.5514769 0.6180755 0.6846741 0.742303 0.7666667 0.7666667 0.763602 0.7541439 0.7355424 0.6717616 0.6158707 0.5492721 0.4806688 0.4140702 0.3570692 0.3237699 0.3 0.3 0.3 0.3 0.3 0.3 0.3 0.3 0.3 0.3 0.3 0.3 0.3 0.3 0.3 0.2729441 0.1730463 0.07314847 0 0 0 0 0 0 0.02613627 0.1260341 0.2259319 0.3 0.3 0.3114054 0.3 0.3 0.3 0.3094079 0.3427072 0.3760064 0.4 0.3907284 0.3574292 0.3241299 0.3 0.3 0.3 0.3 0.3 0.3 0.3 0.3 0.3 0.3 0.3 0.3 0.3 0.3 0.3063238 0.3319061 0.3642027
0.3 0.3 0.3102443 0.3435436 0.387019 0.4434755 0.4868829 0.5534815 0.6200801 0.6866787 0.7433054 0.7737576 0.7894485 0.788446 0.7813129 0.7470632 0.6804646 0.613866 0.5472674 0.4786642 0.4120656 0.3560668 0.3227676 0.3 0.3 0.3 0.3 0.3 0.3 0.3 0.3 0.3 0.3 0.3 0.3 0.3 0.3 0.3 0.269937 0.1700392 0.07014136 0 0 0 0 0 0.01929891 0.09212498 0.1890152 0.274915 0.3179862 0.3169837 0.3546818 0.3251767 0.3095596 0.3 0.3066822 0.3327748 0.3670765 0.3910703 0.3817989 0.3495021 0.3190187 0.3 0.3 0.3 0.3 0.3 0.3 0.3 0.3 0.3 0.3 0.3 0.3 0.3076801 0.33258 0.3581283 0.3826945 0.3920902
0.3 0.3 0.3112466 0.3445459 0.3890237 0.4444778 0.4888875 0.5554861 0.6309489 0.714439 0.7690608 0.7935625 0.8 0.8 0.7891619 0.7514569 0.6971982 0.6295971 0.5566237 0.4766595 0.4100609 0.3550645 0.3217652 0.3 0.3 0.3 0.3 0.3 0.3 0.3 0.3 0.3 0.3 0.3 0.3 0.3 0.3 0.2691642 0.176981 0.08009069 0.01078593 0 0 0 0 0 0.03225275 0.1388894 0.2584022 0.3485591 0.3692386 0.3672335 0.3939647 0.3700632 0.3357614 0.3084742 0.3 0.3113786 0.3446779 0.3666667 0.3553903 0.322091 0.3 0.3 0.3 0.3 0.3 0.3 0.3 0.3 0.3 0.3 0.3 0.3 0.3088094 0.3369537 0.3692503 0.3937863 0.4 0.4070719
0.3 0.3 0.3122489 0.3455482 0.3910283 0.4454801 0.4908921 0.5574908 0.6361341 0.7240213 0.7786433 0.8 0.8 0.8 0.7881595 0.7548603 0.7097886 0.64319 0.5648871 0.4746548 0.4080562 0.3540621 0.3207628 0.3 0.3 0.3 0.3 0.3 0.3 0.3 0.3 0.3 0.3 0.3 0.3 0.3 0.3 0.2638206 0.1639228 0.06402494 0 0 0 0 0 0.02432737 0.1087796 0.2305835 0.3388169 0.3906256 0.4 0.4 0.4 0.3930696 0.3680587 0.3337569 0.3074491 0.3083445 0.3321612 0.3489417 0.3415633 0.3167502 0.3 0.3 0.3 0.3 0.3 0.3 0.3 0.3 0.3 0.3 0.3 0.3099989 0.3389592 0.3712558 0.3946987 0.4 0.4081006 0.4337758
0.3 0.3001494 0.3132512 0.3465505 0.3930329 0.4464824 0.4928968 0.5594954 0.639141 0.726026 0.7796456 0.8 0.8 0.7916254 0.766481 0.7341843 0.6962683 0.6411853 0.5618801 0.4726501 0.4060515 0.3530598 0.3197605 0.3 0.3 0.3 0.3 0.3 0.3 0.3 0.3 0.3 0.3 0.3 0.3 0.3 0.3 0.2608135 0.1609157 0.06101782 0 0 0 0 0 0.04715505 0.1729183 0.3051129 0.3916739 0.4 0.4 0.4 0.4 0.4 0.3921143 0.3712353 0.3435889 0.3173181 0.3058941 0.3 0.3 0.3 0.3 0.3 0.3 0.3 0.3 0.3 0.3 0.3 0.3 0.3 0.3112487 0.3409646 0.3732612 0.3955508 0.4 0.4091896 0.4357813 0.468078
0.3 0.3142875 0.3469258 0.3792226 0.412654 0.4600787 0.5235638 0.6008462 0.6842272 0.7536855 0.7949602 0.8 0.8 0.7861208 0.7528215 0.7195222 0.686223 0.6391807 0.5588731 0.4706454 0.4040469 0.3520575 0.3187582 0.3 0.3 0.3 0.3 0.3 0.3 0.3 0.3 0.3 0.3 0.3 0.3 0.3 0.2595391 0.1651522 0.06826197 0.00775082 0 0 0 0 0 0.05516852 0.1883657 0.3215628 0.4 0.4 0.4 0.4 0.4 0.4 0.4 0.4 0.390686 0.3630812 0.3287794 0.3050174 0.3 0.3 0.3 0.3 0.3 0.3 0.3 0.3 0.3 0.3 0.3 0.3125588 0.34297 0.3752667 0.3963427 0.4107788 0.4354238 0.4618691 0.4836979 0.4933486
0.3007079 0.3152899 0.3485892 0.3818885 0.4151877 0.4636408 0.5302394 0.5994208 0.6701461 0.7377472 0.7864475 0.8 0.8 0.7851185 0.7609989 0.7381264 0.7038246 0.6469913 0.5558661 0.4686408 0.4088764 0.3646131 0.3303113 0.3061658 0.3 0.3 0.3 0.3 0.3 0.3 0.3 0.3 0.3 0.3 0.3 0.3 0.2546971 0.1547993 0.05490142 0 0 0 0 0 0.04240983 0.1505016 0.2796886 0.3720728 0.4 0.4 0.4 0.4 0.4 0.4 0.4 0.4 0.4 0.3846118 0.3513125 0.3180132 0.3 0.3 0.3 0.3 0.3 0.3 0.3 0.3 0.3 0.3 0.3139292 0.3449755 0.3772722 0.3970743 0.4120204 0.4408289 0.4731255 0.4948118 0.5 0.5
0.3176325 0.3165664 0.3495915 0.3828908 0.4161901 0.4656454 0.532244 0.5988426 0.6654413 0.7320399 0.7826526 0.8 0.8 0.7841161 0.7666667 0.7508509 0.7175516 0.652757 0.552859 0.4666361 0.4166854 0.3833861 0.3500868 0.3167875 0.3 0.3 0.3 0.3 0.3 0.3 0.3 0.3 0.3 0.3 0.3 0.2523297 0.1562299 0.05933958 0.005477455 0 0 0 0 0.04721868 0.1585231 0.2877101 0.3756714 0.4 0.4 0.4 0.4 0.4 0.4 0.4 0.4 0.4 0.4 0.3836094 0.3503101 0.3170108 0.3 0.3 0.3 0.3 0.3 0.3 0.3 0.3 0.3 0.3153597 0.346981 0.3792776 0.3977457 0.4133224 0.4428343 0.475131 0.4956118 0.5 0.5 0.5
0.3345765 0.3507436 0.3831654 0.3991475 0.4171924 0.4676501 0.5342487 0.6149771 0.6940026 0.7595988 0.7956939 0.8 0.8 0.7831138 0.7666667 0.7498485 0.7165493 0.6497499 0.549852 0.4646314 0.4156831 0.3823838 0.3490845 0.3157852 0.3 0.3 0.3 0.3 0.3 0.3 0.3 0.3 0.3 0.3 0.2992919 0.2485808 0.1486829 0.04878504 0 0 0 0 0 0.06746951 0.2006667 0.3338638 0.4 0.4 0.4 0.4 0.4 0.4 0.4 0.4 0.4 0.4 0.4 0.3881899 0.3590046 0.3247028 0.3037019 0.3 0.3 0.3 0.3 0.3 0.3 0.3003447 0.3168506 0.3489864 0.3812831 0.3983568 0.4146846 0.4448398 0.4771365 0.4963516 0.5 0.5 0.5 0.5
0.3666667 0.3666667 0.3849294 0.4 0.4181947 0.4696547 0.5362533 0.6209446 0.7027839 0.7693825 0.8 0.8 0.8 0.7821115 0.7666667 0.7488462 0.7155469 0.6467429 0.546845 0.4626267 0.4146807 0.3813814 0.3480821 0.3147828 0.3 0.3 0.3 0.3 0.3 0.3 0.3 0.3 0.3 0.2976612 0.2441979 0.1473075 0.05041721 0.003547338 0 0 0 0 0.04147219 0.1456845 0.275874 0.3696466 0.4 0.4 0.4 0.4 0.4 0.4 0.4470359 0.4440283 0.4334328 0.4183235 0.4052171 0.4 0.3816386 0.3483393 0.3150401 0.3 0.3 0.3 0.3 0.3 0.3008915 0.3186951 0.3509918 0.3832885 0.4155852 0.4460703 0.475806 0.492128 0.4970311 0.5 0.5 0.5127265 0.5351154 0.5438852
0.3678427 0.3668402 0.3859318 0.4181745 0.4496965 0.5011563 0.5504003 0.6239516 0.7047886 0.7713872 0.8 0.8 0.8 0.7932809 0.7871414 0.767316 0.7226037 0.6437359 0.543838 0.4697352 0.4281045 0.3938027 0.3522021 0.3137805 0.3 0.3 0.3 0.3 0.3 0.3 0.3 0.3 0.3 0.2423624 0.1424645 0.04440122 0.002066106 0 0 0 0 0 0.05671855 0.1754886 0.3086857 0.3982743 0.4339098 0.453013 0.4590665 0.4560589 0.4530512 0.4500436 0.5 0.5 0.4884793 0.4598381 0.4255363 0.404445 0.3862302 0.3559641 0.3216622 0.3027955 0.3 0.3 0.3 0.3014985 0.3207006 0.3529973 0.385294 0.4175907 0.4498874 0.482184 0.4980904 0.5 0.5 0.5146067 0.5389329 0.566545 0.5849977 0.5885757
0.4 0.4 0.399662 0.4202334 0.4535327 0.5069973 0.5534647 0.6269585 0.7067932 0.7733918 0.8146672 0.8234486 0.8224461 0.8086462 0.8 0.7801749 0.7270846 0.6407288 0.540831 0.4793087 0.4460094 0.4127101 0.3588215 0.3127781 0.3 0.3 0.3 0.3 0.3 0.3 0.3 0.3 0.2956948 0.2352756 0.1383853 0.03955946 0 0 0 0 0 0.04787362 0.1367371 0.238794 0.3318541 0.4062796 0.465954 0.4948303 0.5 0.5 0.5 0.5 0.5 0.5 0.4916311 0.4669279 0.4346311 0.4088209 0.4 0.3849096 0.3539595 0.3196577 0.3021958 0.3 0.3021658 0.322706 0.3550027 0.3872994 0.4195961 0.4518928 0.4841895 0.4986172 0.5 0.5166135 0.5428771 0.5715586 0.5881071 0.5961393 0.6 0.6
0.4011089 0.4001064 0.4 0.4212357 0.454535 0.509002 0.554467 0.6299655 0.7087978 0.7753965 0.8209976 0.8333334 0.8333334 0.8124379 0.8 0.7791726 0.7250799 0.6377218 0.5378239 0.4783063 0.445007 0.4117077 0.3568168 0.3117758 0.3 0.3 0.3 0.3 0.3 0.3 0.3 0.3 0.2362461 0.1363482 0.03645026 0.0007442876 0 0 0 0 0 0.06283495 0.1627328 0.2626307 0.3416858 0.4082843 0.4748829 0.4871672 0.4803784 0.4813809 0.4932909 0.5 0.5 0.5 0.4872515 0.4577661 0.4234642 0.4037815 0.4 0.4 0.3786995 0.3454002 0.3121009 0.3028934 0.3247114 0.3570081 0.3893048 0.4216015 0.4538983 0.486195 0.4990838 0.518747 0.5469479 0.5765723 0.59109 0.5971847 0.6 0.6 0.6 0.6
0.433688 0.4333333 0.4540546 0.4640915 0.4859361 0.5208514 0.5554693 0.6329724 0.7108025 0.7774011 0.8219999 0.8333334 0.8333334 0.8114355 0.8 0.7781702 0.7230752 0.6347148 0.5348169 0.477304 0.4440047 0.4107054 0.3548121 0.3107734 0.3 0.3 0.3 0.3 0.3 0.3 0.3 0.2933851 0.2263533 0.1294629 0.03315199 0 0 0 0 0 0.05461833 0.1456596 0.2425498 0.2909979 0.31276 0.3503126 0.3980012 0.4361879 0.4598358 0.4787519 0.4944752 0.5 0.5 0.5 0.5 0.485979 0.4557616 0.4214597 0.4031338 0.4 0.3827311 0.350919 0.3166171 0.3237091 0.3555001 0.3904666 0.423607 0.4559037 0.4882004 0.4994901 0.520314 0.5517572 0.5840539 0.5981036 0.6 0.6 0.6 0.6 0.6 0.6
0.4433244 0.4333333 0.4566076 0.4885365 0.4990982 0.5231723 0.5564716 0.6359794 0.7128072 0.7794058 0.8061989 0.8099855 0.810988 0.803753 0.8 0.7771679 0.7210705 0.6317078 0.5318099 0.4763016 0.4430023 0.409703 0.3528074 0.3097711 0.3 0.3 0.3 0.3 0.3 0.3 0.2910435 0.2203372 0.1234469 0.0291881 0 0 0 0 0 0 0.06895137 0.1688493 0.2687472 0.3 0.3 0.3228136 0.3708464 0.4327148 0.4755993 0.4952747 0.5 0.5 0.5200501 0.5042609 0.5 0.5 0.4846461 0.453757 0.4194552 0.4025463 0.4 0.381258 0.3489145 0.3378158 0.3599824 0.4154142 0.4579092 0.4902059 0.5225026 0.5537416 0.5845605 0.5953577 0.5985783 0.6 0.6 0.6 0.6 0.6 0.6 0.6
0.4433303 0.4333391 0.45761 0.4909093 0.5 0.5241746 0.5574739 0.6389865 0.7148118 0.7814105 0.8 0.8 0.8 0.8 0.8 0.7761655 0.7190658 0.6287008 0.5288028 0.49056 0.4562582 0.4121607 0.3508027 0.3087687 0.3 0.3 0.3 0.3 0.3 0.3 0.2270206 0.1271227 0.02722474 0 0 0 0 0 0 0.06170635 0.1545821 0.2514724 0.2933929 0.3 0.3 0.323816 0.3808973 0.4474959 0.4903806 0.5131553 0.529941 0.5330264 0.5575636 0.5232618 0.5035652 0.5 0.5 0.4832531 0.4517525 0.4174507 0.402019 0.4 0.3797246 0.3711155 0.3942845 0.4489492 0.4918123 0.5245081 0.5568047 0.5891014 0.5992782 0.6 0.6 0.6 0.6 0.6 0.6 0.6 0.6 0.6
0.474653 0.4666389 0.4664177 0.4919116 0.5 0.5251769 0.5798174 0.669284 0.7431046 0.7897055 0.8 0.8 0.8166678 0.8212758 0.8202733 0.7800753 0.7170611 0.6256937 0.5378638 0.5076303 0.4743309 0.4153966 0.348798 0.3077663 0.3 0.3 0.3 0.3 0.3 0.2881255 0.2114148 0.1145245 0.02262325 0 0 0 0 0 0 0.07506777 0.1749657 0.2748636 0.3 0.3 0.3 0.3080698 0.3454295 0.408521 0.466858 0.5198849 0.5579816 0.5788356 0.5399396 0.5233047 0.5046667 0.5 0.5 0.5 0.4746217 0.4413224 0.4080231 0.4 0.4 0.403339 0.431164 0.4651112 0.520041 0.5589105 0.5911069 0.5996001 0.6 0.6222386 0.6501847 0.6761276 0.6801606 0.6771528 0.674145 0.6535441 0.6285936 0.6056461
0.4745919 0.4666667 0.4666667 0.4929139 0.5238 0.5554413 0.6138834 0.6842393 0.7521544 0.8124393 0.8242497 0.8232472 0.8308744 0.8333334 0.8333334 0.7816551 0.7150564 0.6226867 0.5485259 0.5066279 0.4733286 0.4133919 0.3467933 0.306764 0.3 0.3 0.3 0.3 0.3 0.2209043 0.1210064 0.02110844 0 0 0 0 0 0 0.06913763 0.1635046 0.2603949 0.2954446 0.3 0.3 0.3 0.3 0.3257868 0.3690347 0.4319837 0.4853675 0.5240868 0.5467525 0.5277 0.5288146 0.5161459 0.5025489 0.5 0.5 0.4810543 0.448712 0.4144101 0.4013517 0.4 0.4262105 0.4830327 0.5499083 0.5914011 0.5999191 0.5998619 0.6247315 0.654615 0.6853269 0.694324 0.6987363 0.7 0.7 0.7 0.6925466 0.6636432 0.6293413
0.5059817 0.4999051 0.4989026 0.5251498 0.5574466 0.5897434 0.6261998 0.6875604 0.7541592 0.8207578 0.8333334 0.8333334 0.8333334 0.8333334 0.8333334 0.7796503 0.7130517 0.6196796 0.5465211 0.5056255 0.4723262 0.4113872 0.3447886 0.3057616 0.3 0.3 0.3 0.3 0.2848642 0.2024925 0.1056021 0.01640169 0 0 0 0 0 0 0.08118416 0.1810821 0.28098 0.3 0.3 0.3 0.3 0.3 0.3095703 0.3396658 0.385121 0.4379306 0.4759047 0.5098005 0.5455444 0.5641742 0.5612253 0.5305853 0.5133718 0.5018393 0.5 0.4795088 0.4527351 0.4187587 0.4063276 0.4280113 0.4605122 0.5209563 0.5615342 0.5943555 0.6265033 0.6586747 0.6909713 0.6992956 0.7 0.7 0.7 0.7 0.7 0.7 0.6914361 0.6616386
0.5058535 0.5282108 0.5322024 0.5594519 0.5661854 0.5948506 0.6281499 0.6895651 0.7561637 0.8015708 0.8091508 0.8101533 0.8297489 0.8333334 0.8164624 0.7584756 0.6928795 0.6138108 0.5445164 0.5046232 0.4713239 0.4093825 0.3427838 0.3047593 0.3 0.3 0.3 0.3 0.214788 0.1148901 0.01499217 0 0 0 0 0 0 0.07691218 0.1724271 0.2693174 0.297153 0.3 0.3 0.3 0.3 0.3 0.3 0.3277575 0.3771807 0.4404295 0.4783702 0.5111439 0.5154305 0.5475489 0.5818508 0.5697192 0.5382131 0.5049137 0.5 0.5 0.5 0.4770788 0.4437343 0.4339958 0.4587146 0.5187019 0.5869463 0.6552938 0.6933149 0.6980274 0.6995655 0.7 0.7 0.7 0.7 0.7 0.7 0.7 0.7 0.6723295
0.538151 0.5041341 0.5011645 0.5314212 0.5629447 0.5958529 0.6291522 0.6915698 0.7581684 0.7957169 0.8 0.8 0.8097174 0.8121918 0.7843142 0.7397316 0.6757091 0.6091104 0.5425118 0.5036209 0.4703216 0.4073778 0.3407791 0.3037569 0.3 0.3 0.3 0.3 0.211781 0.111883 0.01198506 0 0 0 0 0 0 0.08730052 0.1871984 0.2870964 0.3 0.3 0.3220171 0.3454878 0.3669554 0.3670817 0.3640741 0.3722637 0.412813 0.4599389 0.4953245 0.5 0.5135909 0.5311785 0.5510738 0.5434822 0.5245975 0.5027032 0.5 0.5 0.5 0.5 0.4753847 0.4454821 0.4398899 0.4650443 0.525059 0.5624149 0.6263199 0.6643063 0.6960036 0.7 0.7 0.7 0.7 0.7 0.7 0.7 0.7 0.671327
0.5696415 0.5361466 0.5321354 0.5331302 0.5635559 0.5704754 0.6274724 0.6935745 0.736597 0.7716013 0.7758846 0.797678 0.8 0.8 0.7701175 0.7368182 0.6737043 0.6071057 0.5405071 0.4875592 0.4552624 0.404321 0.3387744 0.3027546 0.3 0.3 0.3 0.2807136 0.1906637 0.09377331 0.007892074 0 0 0 0 0 0.08502997 0.1813496 0.2782399 0.2985182 0.3 0.3236769 0.355267 0.3875638 0.398959 0.4 0.4 0.4 0.4124984 0.4447108 0.4790127 0.4981859 0.5165741 0.5321461 0.5454863 0.5375533 0.5337958 0.5307881 0.5277804 0.5172526 0.5079104 0.5005712 0.5 0.5 0.5 0.5020281 0.5302377 0.5636312 0.5974069 0.6033605 0.6080338 0.6378779 0.6685131 0.6971451 0.7 0.7 0.7 0.6789912 0.6573671 0.6272463
0.5694125 0.5353398 0.5333334 0.5333334 0.5645582 0.593891 0.6570722 0.7226684 0.7328455 0.7643883 0.7666667 0.8191082 0.8220769 0.8210745 0.7705895 0.7358158 0.6716996 0.605101 0.5236859 0.4682829 0.4349835 0.4016842 0.3367698 0.3017522 0.3 0.3 0.3 0.2056647 0.1057668 0.005868813 0 0 0 0 0 0 0.09341688 0.1933148 0.2932127 0.3 0.325397 0.3572724 0.3895692 0.3993407 0.4 0.4 0.4 0.4 0.4 0.4306966 0.463996 0.4972953 0.5 0.5180799 0.5516254 0.5859273 0.5993691 0.6 0.6 0.576378 0.5493496 0.5144803 0.5055412 0.5002668 0.5 0.5311546 0.5333334 0.5955063 0.6302532 0.6902149 0.6915867 0.6921138 0.6948416 0.6740753 0.64894 0.6253806 0.62646 0.6204076 0.6116766 0.6009423
0.6009486 0.5674081 0.5343321 0.5333334 0.5655605 0.5988599 0.6101785 0.6507304 0.7053384 0.7644315 0.7897698 0.8315744 0.8333334 0.8333334 0.7695589 0.7348135 0.669695 0.6030963 0.5047465 0.4672805 0.4339812 0.4006818 0.334765 0.3007498 0.3 0.3 0.3 0.2026576 0.1027597 0.002861716 0 0 0 0 0 0.09349097 0.1902721 0.2871624 0.2995401 0.3271774 0.3592778 0.3915746 0.3996622 0.4 0.4 0.4 0.4 0.4 0.4 0.4316991 0.4649983 0.4982977 0.4996651 0.5 0.5196458 0.55363 0.5879319 0.5997235 0.6 0.6 0.6 0.5736991 0.5446059 0.5094684 0.5032864 0.5301356 0.5332908 0.5971843 0.6320549 0.6973749 0.7 0.7 0.7 0.6944083 0.661301 0.6269991 0.6011389 0.6 0.578617 0.5377136
0.6017088 0.6007056 0.5997038 0.5654038 0.5643655 0.5666564 0.5998622 0.6278803 0.6601498 0.7255401 0.7663245 0.7996923 0.8102153 0.8113236 0.8123261 0.7672879 0.7338112 0.6676903 0.6010916 0.4995775 0.4662782 0.4329788 0.399359 0.3330468 0.3 0.3 0.2998515 0.2757253 0.1788349 0.08198856 0 0 0 0 0 0 0.0995332 0.1994312 0.2993291 0.329018 0.3612832 0.3935799 0.3999234 0.4 0.4 0.4 0.4 0.4 0.4 0.4 0.4148307 0.4487873 0.4669691 0.5 0.5 0.5001212 0.5213326 0.5556345 0.5898681 0.6 0.6 0.6 0.6 0.6 0.5709059 0.5366172 0.5023153 0.5331325 0.5334685 0.5681235 0.6052796 0.6689093 0.6996658 0.7 0.7 0.6932172 0.6592964 0.6009505 0.5539321 0.5003752
0.6333333 0.6323197 0.5989995 0.5666667 0.5666667 0.5675652 0.6008645 0.6341639 0.6682597 0.7340959 0.7668492 0.7760188 0.7765659 0.7564607 0.7784337 0.7464715 0.7322842 0.6656856 0.5986304 0.4985751 0.4652758 0.4319764 0.3973542 0.3320445 0.3 0.3 0.2964394 0.1965414 0.09664342 0 0 0 0 0 7.326132e-05 0.002642373 0.1025403 0.2024383 0.3007788 0.3340781 0.3673774 0.4 0.4 0.4 0.4 0.4 0.4 0.4 0.4 0.4 0.4003705 0.4336698 0.4518278 0.4854361 0.5 0.5 0.5007433 0.5233372 0.5579735 0.6005841 0.6162465 0.614028 0.6059411 0.6 0.5992141 0.5689145 0.5353887 0.5341015 0.5673222 0.5991196 0.6000791 0.6058678 0.6117234 0.6147313 0.6172814 0.5938068 0.564402 0.5261867 0.4859684 0.4438733
0.6317936 0.6333333 0.6309673 0.5967461 0.5666667 0.5668589 0.5729067 0.6072086 0.6418546 0.6831929 0.7180619 0.7439381 0.7661484 0.7558327 0.7650717 0.7333333 0.7302796 0.6636809 0.5956233 0.4964154 0.4493819 0.417085 0.3833619 0.3310421 0.3 0.3 0.2934323 0.1935343 0.09363631 0 0 0 0 0 0.005751544 0.1052107 0.2021011 0.2955955 0.3319606 0.3642574 0.3951062 0.4 0.4 0.4 0.4 0.4 0.4 0.4 0.4 0.4 0.4006254 0.4175259 0.4206456 0.4699703 0.5160002 0.5384406 0.5234117 0.5118115 0.526808 0.5853895 0.6433856 0.6584294 0.6378098 0.6098691 0.6038469 0.5983072 0.5669099 0.5343472 0.5333334 0.536881 0.5686029 0.5711198 0.5985656 0.5702541 0.5436679 0.5135805 0.5064612 0.4741645 0.4418678 0.4105031
0.601465 0.6327277 0.6332976 0.6289629 0.5975983 0.5965958 0.5959726 0.6004601 0.6092129 0.6435148 0.6798597 0.7340961 0.743755 0.7447575 0.7447918 0.7333333 0.7282748 0.6616762 0.5926163 0.4931408 0.4299377 0.3966384 0.3633391 0.3300397 0.3 0.2971418 0.2638963 0.1670059 0.07203783 0 0 0 0 0 0.008758686 0.1086567 0.2113051 0.333966 0.3662628 0.3961556 0.4 0.4 0.4 0.4 0.4 0.4 0.4 0.4 0.4 0.4 0.4 0.4011393 0.4066194 0.473218 0.5398167 0.59805 0.5755594 0.5412575 0.511292 0.5273463 0.5639516 0.6222299 0.6545649 0.6540792 0.6267384 0.6 0.5973401 0.5649053 0.5333658 0.5387167 0.6005681 0.6276261 0.6267292 0.594635 0.5833769 0.5223552 0.4702632 0.4173129 0.4092638 0.4
0.5691675 0.5994973 0.6004304 0.601262 0.6 0.6 0.6 0.6 0.6038036 0.6341755 0.6464661 0.6855722 0.6900944 0.7114577 0.7124602 0.7134628 0.7094011 0.6596715 0.5896092 0.4911361 0.4289354 0.3956361 0.3623367 0.3290374 0.3 0.2873161 0.1874181 0.08752007 0 0 0 0 0 0 0.01176583 0.1116638 0.2117024 0.3060384 0.3403403 0.3741667 0.4 0.4 0.4 0.4 0.4025894 0.4255526 0.4441839 0.4399772 0.4180104 0.4 0.4 0.4 0.4386349 0.488333 0.5400342 0.5886111 0.5973315 0.5735549 0.539253 0.510893 0.5293508 0.5636527 0.5946997 0.6 0.6 0.6 0.5997691 0.5951939 0.5628971 0.529936 0.5062324 0.5120238 0.5155975 0.5150335 0.5167555 0.5055305 0.4902992 0.4704107 0.4442216 0.4200357
0.53687 0.5711718 0.6 0.6 0.6 0.6 0.6 0.6 0.6009341 0.6111823 0.6380712 0.6700319 0.6909807 0.7 0.7 0.6972816 0.6766315 0.6398348 0.5720274 0.4891314 0.4255368 0.3808453 0.3485485 0.3181246 0.3 0.284309 0.184411 0.08451296 0 0 0 0 0 0.0007845603 0.01703974 0.114671 0.214569 0.3003258 0.3037221 0.3132685 0.3478281 0.3767348 0.4036383 0.4285389 0.4527112 0.4808575 0.4857364 0.4621845 0.4288852 0.4 0.4023716 0.4192681 0.4854382 0.5052805 0.5385798 0.5718791 0.6 0.5965527 0.5715503 0.5372484 0.5106143 0.5313554 0.5656573 0.5957571 0.5994144 0.596589 0.591215 0.5600607 0.528595 0.5008874 0.5 0.5 0.5 0.5 0.5 0.5 0.5 0.4987874 0.4855124 0.4512105
0.5070377 0.5388744 0.5790089 0.6318334 0.630831 0.6245397 0.6 0.6 0.6 0.6013018 0.6099842 0.624746 0.6582597 0.6818804 0.7 0.6944297 0.6611304 0.6223288 0.55573 0.4871267 0.420528 0.360298 0.3269987 0.3 0.3 0.2813019 0.1814039 0.08150586 0 0 0 0 0 0.01788211 0.1177801 0.2168366 0.2968274 0.3054253 0.3352647 0.363842 0.3903223 0.3993929 0.4316897 0.4639865 0.4922559 0.4961642 0.476103 0.464641 0.4544496 0.4570515 0.4565174 0.4699762 0.5 0.5034606 0.5256115 0.5623313 0.6022187 0.6109631 0.6038476 0.5711793 0.5431992 0.5174088 0.5371764 0.5618322 0.5829557 0.5554258 0.5258928 0.5 0.5000541 0.5 0.5 0.5 0.5 0.5 0.5 0.5 0.5 0.5 0.4945677 0.4612684
0.527725 0.5073206 0.5409905 0.5763928 0.6025359 0.6028047 0.6 0.6 0.6 0.6 0.605013 0.6304886 0.6582245 0.6689693 0.6792275 0.6775556 0.6601281 0.620324 0.5537253 0.4816123 0.4037994 0.3455743 0.3160771 0.3 0.3 0.2782948 0.1783968 0.07849876 0 0 0 0 0 0.02088925 0.1207873 0.2206853 0.3 0.3068271 0.3401265 0.3734258 0.4 0.4012705 0.4087962 0.423292 0.4567507 0.4794947 0.4886579 0.4876554 0.4892367 0.5 0.5 0.5 0.5 0.5 0.5072513 0.5449674 0.5952513 0.624748 0.628337 0.6089243 0.5991997 0.5611092 0.5335095 0.5108518 0.5117342 0.5081263 0.5034211 0.5007191 0.5 0.5 0.5 0.5 0.5 0.5 0.5 0.5 0.5 0.4953015 0.4703569 0.4380601
0.5600224 0.5257206 0.5085812 0.5504907 0.6073361 0.6297614 0.6219596 0.6 0.6 0.6 0.6019946 0.6118047 0.6211789 0.6281689 0.6506618 0.6666667 0.6591257 0.6183193 0.5517206 0.4746759 0.3831852 0.3249599 0.3 0.3 0.3 0.2752877 0.1753897 0.07549165 0 0 0 0 0 0.02389639 0.1237944 0.2236924 0.307545 0.3388101 0.3711069 0.3966569 0.4 0.4 0.4 0.4019143 0.4115047 0.4283036 0.4610406 0.4837531 0.5 0.5 0.5 0.5 0.5 0.5 0.504811 0.5286521 0.5629539 0.5972558 0.62344 0.6222865 0.6033626 0.5581253 0.5549007 0.5636899 0.5892872 0.5877293 0.5597026 0.5272619 0.5 0.5 0.5 0.5 0.5 0.5 0.5 0.5 0.4943305 0.4683514 0.4360546 0.4086823
