src/data/seaside/elevation/elevation.asc
ncols         644
nrows         728
xllcorner     425097.47836978
yllcorner     5089772.3802994
cellsize      9.99999999996
NODATA_value  -9999
[rows 70 to 104 of 728, columns 400 to 479 of 644]
0 0 0 0.8309574 2.656354 5.143559 6.74341 7.556099 7.719288 7.707255 7.675893 7.622179 7.533185 7.399981 7.166889 6.960122 6.755383 6.619043 6.480981 6.382961 6.289061 6.230104 6.233271 6.265261 6.328471 6.273476 6.225109 6.156901 6.226515 6.314939 6.389736 6.432606 6.426451 6.465876 6.460774 6.500139 6.496176 6.523674 6.535173 6.66472 6.645616 6.661736 6.679858 6.699984 6.7 6.7 6.7 6.7 6.7 6.7 6.7 6.7 6.7 6.7 6.7 6.7 6.7 6.7 6.7 6.7 6.7 6.7 6.7 6.7 6.7 6.7 6.7 6.7 6.7 6.7 6.7 6.7 6.7 6.7 6.7 6.7 6.7 6.7 6.7 6.7
0 0 0.00927996 0.8324413 2.583964 4.995707 6.602536 7.464073 7.698824 7.665524 7.632225 7.597853 7.529176 7.392696 7.151487 6.905628 6.665739 6.498889 6.314543 6.191921 6.1 6.1 6.100389 6.10554 6.114634 6.11595 6.14281 6.214388 6.304644 6.425347 6.518807 6.579003 6.606149 6.622381 6.639468 6.647482 6.643687 6.672795 6.668785 6.763998 6.714666 6.7 6.7 6.7 6.7 6.7 6.7 6.7 6.7 6.7 6.7 6.7 6.7 6.7 6.7 6.7 6.7 6.7 6.7 6.7 6.7 6.7 6.7 6.7 6.7 6.7 6.7 6.7 6.7 6.7 6.7 6.7 6.7 6.7 6.7 6.7 6.7 6.7 6.7 6.7
0 0 0.03401183 0.8869497 2.591173 4.883003 6.52887 7.392087 7.697822 7.664522 7.631223 7.596527 7.53506 7.393369 7.130888 6.822772 6.527455 6.325853 6.196329 6.131532 6.1 6.1 6.1 6.1 6.103051 6.167766 6.318641 6.523687 6.692741 6.810301 6.870628 6.900702 6.922561 6.933208 6.932079 6.900941 6.872323 6.859197 6.81737 6.84312 6.760553 6.713253 6.7 6.7 6.7 6.7 6.7 6.7 6.7 6.7 6.7 6.7 6.7 6.7 6.7 6.7 6.7 6.7 6.7 6.7 6.7 6.7 6.7 6.7 6.7 6.7 6.7 6.7 6.7 6.7 6.7 6.7 6.7 6.7 6.7 6.7 6.7 6.7 6.7 6.7
0 0.01062954 0.2019104 1.121119 2.807538 4.883018 6.535413 7.370142 7.712013 7.689256 7.652843 7.607785 7.565251 7.429981 7.185256 6.846445 6.54683 6.326692 6.198169 6.133133 6.1 6.1 6.1 6.102573 6.146271 6.337513 6.591275 6.893695 7.104522 7.244886 7.294194 7.290412 7.286996 7.264393 7.232035 7.17067 7.110033 7.03363 6.944931 6.938918 6.837702 6.757167 6.711901 6.7 6.7 6.7 6.7 6.7 6.7 6.7 6.7 6.7 6.7 6.7 6.7 6.7 6.7 6.7 6.7 6.7 6.7 6.7 6.7 6.7 6.7 6.7 6.7 6.7 6.7 6.7 6.7 6.7 6.7 6.7 6.7 6.7 6.7 6.7 6.7 6.7
0 0.03252856 0.4103962 1.435066 3.131727 4.99341 6.620713 7.396912 7.733334 7.730782 7.703601 7.640081 7.596495 7.470853 7.215089 6.853746 6.537395 6.346354 6.221841 6.156566 6.1 6.10009 6.107362 6.18208 6.345314 6.579534 6.894666 7.186012 7.42254 7.520367 7.550689 7.544673 7.537627 7.518091 7.4724 7.378802 7.283985 7.162824 7.057299 7.001707 6.887738 6.791894 6.729315 6.7 6.7 6.7 6.7 6.7 6.7 6.7 6.7 6.7 6.7 6.7 6.7 6.7 6.7 6.7 6.7 6.7 6.7 6.7 6.7 6.7 6.7 6.7 6.7 6.7 6.7 6.7 6.7 6.7 6.7 6.7 6.7 6.7 6.7 6.7 6.7 6.7
0 0.06527124 0.6253103 1.763359 3.489071 5.196044 6.719414 7.424092 7.733334 7.733334 7.723099 7.661584 7.613138 7.459884 7.177388 6.810423 6.498081 6.309744 6.190314 6.128525 6.1 6.10474 6.147185 6.258718 6.467731 6.767315 7.115659 7.39334 7.554111 7.593721 7.6 7.6 7.6 7.598538 7.580285 7.516658 7.426031 7.288473 7.148703 7.042421 6.897459 6.78989 6.728312 6.7 6.7 6.7 6.7 6.7 6.7 6.7 6.7 6.7 6.7 6.7 6.7 6.7 6.7 6.7 6.7 6.7 6.7 6.7 6.7 6.7 6.7 6.7 6.7 6.7 6.7 6.7 6.7 6.7 6.7 6.7 6.7 6.7 6.7 6.7 6.7 6.7
0.03217511 0.2965764 1.041286 2.305761 3.916847 5.4512 6.796617 7.432361 7.722121 7.733334 7.725413 7.68014 7.618887 7.45746 7.153789 6.7671 6.459788 6.282362 6.18831 6.127522 6.100603 6.107342 6.150457 6.27829 6.551466 6.885167 7.227595 7.451077 7.572169 7.6 7.6 7.6 7.6 7.6 7.598046 7.576178 7.501107 7.376761 7.208261 7.114399 6.936201 6.799328 6.72731 6.7 6.7 6.7 6.7 6.7 6.7 6.698966 6.695038 6.696041 6.697547 6.7 6.7 6.7 6.7 6.7 6.7 6.7 6.7 6.7 6.7 6.7 6.7 6.7 6.7 6.7 6.7 6.7 6.7 6.7 6.7 6.7 6.7 6.7 6.7 6.7 6.7 6.7
0.1882345 0.6653304 1.548303 2.821742 4.280062 5.666516 6.813712 7.409444 7.685648 7.733334 7.733334 7.719158 7.636395 7.452581 7.100741 6.715658 6.41494 6.265217 6.176699 6.124366 6.113211 6.179595 6.259214 6.408449 6.665683 7.026117 7.356381 7.532557 7.594917 7.6 7.6 7.6 7.6 7.6 7.6 7.59123 7.537193 7.441692 7.286841 7.157226 6.964527 6.812152 6.726307 6.7 6.7 6.7 6.7 6.7 6.698582 6.687284 6.66074 6.659606 6.670427 6.698463 6.699819 6.7 6.7 6.7 6.7 6.7 6.7 6.7 6.7 6.7 6.7 6.7 6.7 6.7 6.7 6.7 6.7 6.7 6.7 6.7 6.7 6.7 6.7 6.7 6.7 6.7
0.4913376 1.117075 2.029635 3.202104 4.524653 5.78141 6.692522 7.301313 7.609844 7.711045 7.718787 7.698361 7.60967 7.374917 6.995371 6.602255 6.301367 6.164525 6.096324 6.097953 6.108171 6.157554 6.279455 6.49915 6.800954 7.126655 7.401187 7.548416 7.6 7.6 7.6 7.6 7.6 7.6 7.6 7.597086 7.571167 7.489171 7.344164 7.119367 6.933299 6.798594 6.725305 6.7 6.7 6.7 6.697892 6.690236 6.678379 6.648463 6.621824 6.606818 6.637463 6.670112 6.689934 6.666786 6.667788 6.675825 6.7 6.7 6.7 6.7 6.7 6.7 6.7 6.7 6.7 6.7 6.7 6.7 6.7 6.7 6.7 6.7 6.7 6.7 6.7 6.7 6.7 6.7
0.9695722 1.60908 2.445811 3.506062 4.65928 5.777936 6.504872 7.145535 7.512518 7.666645 7.690873 7.643035 7.504708 7.184455 6.772544 6.384863 6.159318 6.086469 6.063992 6.074786 6.116793 6.211049 6.384521 6.599025 6.873688 7.166394 7.409556 7.550421 7.6 7.6 7.6 7.6 7.6 7.6 7.6 7.6 7.583531 7.496123 7.329934 7.066996 6.896935 6.78187 6.724303 6.7 6.7 6.697356 6.682236 6.64994 6.619461 6.6 6.6 6.6 6.6 6.6 6.6 6.600305 6.60231 6.612831 6.647331 6.678222 6.7 6.7 6.7 6.7 6.7 6.7 6.7 6.7 6.7 6.7 6.7 6.7 6.7 6.7 6.7 6.7 6.7 6.7 6.7 6.7
1.498972 2.058922 2.778893 3.681556 4.67051 5.663036 6.286309 6.915591 7.333932 7.564168 7.635262 7.553939 7.279922 6.870829 6.454178 6.18664 6.059739 6.04107 6.037038 6.066364 6.109018 6.250312 6.443771 6.706586 6.97962 7.258057 7.464098 7.572349 7.6 7.6 7.6 7.6 7.6 7.6 7.6 7.594466 7.557394 7.451534 7.273353 7.033464 6.882575 6.779865 6.723301 6.696448 6.685917 6.670391 6.641721 6.617955 6.6 6.6 6.6 6.6 6.59918 6.597654 6.598132 6.6 6.6 6.600626 6.612678 6.646979 6.679813 6.7 6.7 6.7 6.7 6.7 6.7 6.7 6.7 6.7 6.7 6.7 6.7 6.7 6.7 6.7 6.7 6.7 6.7 6.7
1.850041 2.336163 2.950774 3.716398 4.597048 5.491028 5.923706 6.504922 6.941344 7.229322 7.336205 7.225156 6.883436 6.45797 6.100205 5.927538 5.888608 5.927413 5.978822 6.061493 6.176442 6.343264 6.584017 6.866848 7.171346 7.404729 7.543984 7.596276 7.6 7.6 7.6 7.6 7.6 7.6 7.6 7.589726 7.535949 7.410174 7.222119 7.010973 6.866687 6.77786 6.718056 6.677188 6.644892 6.615811 6.597122 6.589657 6.586404 6.590286 6.595207 6.594991 6.583733 6.55301 6.522177 6.50066 6.513836 6.547602 6.58038 6.614682 6.648984 6.681344 6.7 6.7 6.7 6.7 6.7 6.7 6.7 6.7 6.7 6.7 6.7 6.7 6.7 6.7 6.7 6.7 6.7 6.7
2.014031 2.464081 2.994271 3.648659 4.41422 5.205042 5.401547 5.955842 6.374115 6.634365 6.697702 6.543227 6.23384 5.938241 5.768156 5.72318 5.751275 5.811779 5.897684 6.014868 6.185159 6.429362 6.715484 7.042853 7.336735 7.523374 7.594154 7.6 7.6 7.6 7.6 7.6 7.6 7.6 7.6 7.588724 7.532941 7.399423 7.199629 6.980137 6.848896 6.762074 6.696478 6.642887 6.61059 6.58673 6.570561 6.542032 6.52657 6.537331 6.557149 6.547425 6.516131 6.495885 6.497754 6.5 6.500436 6.50304 6.518012 6.553316 6.598236 6.650989 6.682814 6.7 6.7 6.7 6.7 6.7 6.7 6.7 6.7 6.7 6.7 6.7 6.7 6.7 6.7 6.7 6.7 6.7
1.94885 2.425201 2.910757 3.449622 4.067879 4.747679 4.753673 5.265384 5.647544 5.877093 5.937893 5.850257 5.69492 5.550439 5.491879 5.508299 5.596342 5.724142 5.857296 6.028687 6.250551 6.562113 6.891397 7.19514 7.424326 7.556395 7.6 7.6 7.6 7.6 7.6 7.6 7.6 7.6 7.6 7.587721 7.523031 7.375616 7.170692 6.925462 6.803639 6.726769 6.66616 6.615745 6.576288 6.543992 6.515076 6.5 6.497409 6.492073 6.48874 6.477523 6.449566 6.419606 6.4 6.400864 6.415945 6.449584 6.482453 6.516755 6.553032 6.601707 6.652993 6.684224 6.7 6.7 6.7 6.7 6.7 6.7 6.7 6.7 6.7 6.7 6.7 6.7 6.7 6.7 6.7 6.7
1.708228 2.20329 2.678499 3.144759 3.634908 4.188541 4.097339 4.547559 4.904614 5.132935 5.237293 5.240103 5.207644 5.188959 5.227091 5.316987 5.458488 5.615649 5.791653 6.006725 6.303763 6.651567 7.002326 7.291863 7.483925 7.578195 7.6 7.6 7.6 7.6 7.6 7.6 7.6 7.6 7.6 7.586719 7.51368 7.347022 7.124333 6.895937 6.765547 6.691465 6.634557 6.586819 6.541986 6.513748 6.49637 6.489098 6.472771 6.441477 6.410183 6.391104 6.391942 6.39495 6.397958 6.4 6.400539 6.403272 6.420153 6.455457 6.502038 6.555607 6.605118 6.654998 6.685575 6.7 6.7 6.7 6.7 6.7 6.7 6.7 6.7 6.7 6.7 6.7 6.7 6.7 6.7 6.7
1.328147 1.797267 2.247809 2.699189 3.146498 3.619753 3.513276 3.909299 4.237186 4.459979 4.611511 4.712511 4.79554 4.885695 4.999574 5.130541 5.286234 5.473626 5.696818 5.965473 6.296113 6.677166 7.061201 7.366386 7.539963 7.597991 7.6 7.6 7.6 7.6 7.6 7.6 7.6 7.6 7.6 7.577262 7.490944 7.316107 7.09113 6.882368 6.754658 6.669841 6.603242 6.551655 6.518356 6.495665 6.476425 6.440708 6.405169 6.373876 6.344646 6.316558 6.3 6.3 6.3 6.301067 6.318047 6.351557 6.384526 6.418828 6.455453 6.505444 6.569425 6.633426 6.680957 6.7 6.7 6.7 6.7 6.7 6.7 6.7 6.7 6.7 6.7 6.7 6.7 6.7 6.7 6.696063
0.8611857 1.330496 1.780509 2.226429 2.656258 3.085505 2.965816 3.310074 3.605074 3.83592 4.02617 4.211369 4.398219 4.591202 4.790937 4.968305 5.144404 5.353648 5.629039 5.953424 6.306402 6.689006 7.073051 7.37655 7.546989 7.6 7.6 7.6 7.6 7.6 7.6 7.6 7.6 7.6 7.6 7.569429 7.463775 7.27579 7.058883 6.86873 6.758733 6.681482 6.613882 6.556702 6.512254 6.47442 6.442122 6.397584 6.350825 6.314858 6.293189 6.291049 6.292146 6.295154 6.298161 6.3 6.300651 6.303511 6.322293 6.357597 6.40583 6.458093 6.512204 6.580807 6.645093 6.687573 6.7 6.7 6.7 6.7 6.7 6.7 6.7 6.7 6.7 6.7 6.7 6.7 6.7 6.684221
0.4619907 0.8978456 1.360646 1.797501 2.202347 2.590941 2.443029 2.772589 3.066726 3.332196 3.577898 3.815893 4.059011 4.306416 4.539387 4.743587 4.944158 5.188855 5.512177 5.897309 6.298902 6.683545 7.034969 7.320182 7.503962 7.585125 7.6 7.6 7.6 7.6 7.6 7.6 7.6 7.6 7.6 7.567424 7.452065 7.25313 7.036222 6.903536 6.787487 6.7058 6.632566 6.565968 6.49937 6.44972 6.412057 6.375525 6.339896 6.291349 6.242992 6.209418 6.193537 6.196046 6.199131 6.201271 6.220139 6.253521 6.301402 6.3498 6.399531 6.449731 6.499394 6.5538 6.608703 6.660044 6.68877 6.7 6.7 6.7 6.7 6.7 6.7 6.7 6.7 6.7 6.7 6.7 6.695048 6.674404
0.1895287 0.5178827 0.9509284 1.368523 1.738119 2.094056 1.981904 2.318714 2.636935 2.937216 3.220254 3.485187 3.738106 4.002547 4.26789 4.532733 4.791076 5.086376 5.446834 5.839318 6.243 6.610054 6.946051 7.245755 7.458943 7.570334 7.6 7.6 7.6 7.6 7.6 7.6 7.6 7.6 7.6 7.565419 7.456694 7.272841 7.072019 6.989306 6.848119 6.732195 6.636326 6.557707 6.486795 6.433996 6.384975 6.337165 6.288032 6.240327 6.191096 6.14537 6.114429 6.116854 6.15014 6.184489 6.20077 6.220001 6.256122 6.308199 6.3591 6.411035 6.46207 6.513878 6.565032 6.616731 6.662048 6.689908 6.7 6.7 6.7 6.7 6.7 6.7 6.7 6.7 6.7 6.7 6.682181 6.644197
0.03977759 0.2171517 0.5439284 0.938669 1.308404 1.644102 1.666255 1.975662 2.278664 2.575642 2.861979 3.145318 3.431472 3.720375 4.019926 4.311249 4.589391 4.900909 5.29554 5.73344 6.152533 6.519754 6.856177 7.172511 7.415927 7.557546 7.6 7.6 7.6 7.6 7.6 7.6 7.6 7.6 7.6 7.574167 7.489074 7.335448 7.158809 7.06203 6.919266 6.784065 6.660749 6.547892 6.456025 6.385895 6.334375 6.284773 6.2376 6.187774 6.140817 6.107549 6.093554 6.096306 6.099263 6.119591 6.154063 6.187704 6.222005 6.258801 6.311505 6.361835 6.414284 6.464861 6.517072 6.567879 6.619868 6.664052 6.690985 6.7 6.7 6.7 6.7 6.7 6.7 6.7 6.7 6.693919 6.67143 6.620347
0 0.08112325 0.2942498 0.6283661 0.9982575 1.345536 1.417567 1.69135 1.970224 2.258312 2.544399 2.842391 3.1491 3.475859 3.795851 4.10256 4.412426 4.745267 5.145344 5.580892 5.998064 6.383045 6.733709 7.06968 7.344326 7.517176 7.588228 7.6 7.6 7.6 7.6 7.6 7.6 7.6 7.6 7.580705 7.508883 7.380659 7.22059 7.107672 6.967342 6.825 6.67891 6.534823 6.419027 6.34109 6.276497 6.227318 6.178019 6.135869 6.087455 6.041368 6.010122 6.017326 6.052305 6.086803 6.121105 6.155406 6.207149 6.252808 6.305547 6.352739 6.405409 6.45267 6.505271 6.552601 6.605134 6.652533 6.685832 6.7 6.7 6.7 6.7 6.7 6.7 6.7 6.7 6.680142 6.641065 6.590214
0 0.02397892 0.1613957 0.4233277 0.7800497 1.118885 1.163479 1.415631 1.689746 1.99264 2.307495 2.624813 2.928424 3.247577 3.569099 3.882415 4.214678 4.5938 5.018705 5.436761 5.842364 6.247968 6.630798 6.979092 7.272016 7.475093 7.576373 7.6 7.6 7.6 7.6 7.6 7.6 7.6 7.6 7.579702 7.517137 7.403272 7.258885 7.127519 6.972974 6.805856 6.636418 6.471928 6.349421 6.266534 6.204741 6.1433 6.099562 6.064859 6.03252 5.983625 5.961769 5.963774 6.006802 6.054506 6.108423 6.153879 6.207689 6.25381 6.307552 6.353741 6.407414 6.453672 6.507277 6.553604 6.607139 6.653535 6.686834 6.7 6.7 6.7 6.7 6.7 6.7 6.7 6.692675 6.668457 6.615333 6.581356
0 0 0.0451869 0.2230051 0.5355675 0.87249 0.9688661 1.21801 1.469523 1.759715 2.087579 2.426584 2.727519 3.024088 3.350813 3.688816 4.04877 4.420073 4.830937 5.246793 5.6534 6.060133 6.444057 6.79465 7.110148 7.365627 7.527977 7.590295 7.6 7.6 7.6 7.6 7.6 7.6 7.6 7.5787 7.524135 7.415074 7.281878 7.09161 6.917529 6.72709 6.552366 6.396438 6.279815 6.181923 6.122336 6.067269 6.025535 5.973421 5.931619 5.901327 5.892756 5.896682 5.921097 5.97796 6.046355 6.113279 6.179961 6.244595 6.309556 6.354744 6.409419 6.470502 6.532999 6.577321 6.617023 6.654538 6.687837 6.7 6.7 6.7 6.7 6.7 6.7 6.7 6.678102 6.637818 6.586346 6.588461
0 0 0 0.1098757 0.3436691 0.6698087 0.7602165 1.015942 1.275443 1.577422 1.908994 2.23993 2.552725 2.852772 3.175025 3.509556 3.872607 4.247919 4.625406 5.023561 5.431964 5.861611 6.255287 6.604877 6.921202 7.221678 7.448494 7.57151 7.6 7.6 7.6 7.6 7.6 7.6 7.6 7.577697 7.5098 7.39361 7.250461 7.009285 6.817964 6.621177 6.447455 6.306999 6.199807 6.102917 6.028955 5.965365 5.924634 5.871518 5.830718 5.800427 5.794481 5.819931 5.877888 5.945865 6.013465 6.081066 6.148667 6.216267 6.283868 6.364948 6.437112 6.502708 6.552452 6.588942 6.622241 6.65554 6.688839 6.7 6.7 6.7 6.7 6.7 6.7 6.7 6.6771 6.628217 6.593366 6.600796
0.01876778 0 0 0.04247845 0.2039634 0.4687591 0.4642172 0.7450045 1.055704 1.407853 1.760606 2.076547 2.367022 2.637716 2.927735 3.237872 3.590523 3.963386 4.361584 4.769193 5.199815 5.617617 6.024728 6.383649 6.72161 7.036133 7.311304 7.499788 7.584471 7.6 7.6 7.6 7.6 7.6 7.6 7.563114 7.478432 7.344159 7.184489 6.866923 6.668916 6.484809 6.3178 6.18035 6.076165 5.988014 5.91869 5.856102 5.812825 5.762733 5.725465 5.698564 5.716683 5.753945 5.813294 5.881897 5.9505 6.019103 6.087707 6.176503 6.272031 6.370246 6.446763 6.51336 6.556645 6.589944 6.623243 6.656543 6.689842 6.7 6.7 6.7 6.7 6.7 6.7 6.7 6.684404 6.660957 6.659341 6.646816
0.09002201 0.01609296 0 0 0.05908279 0.2207631 0.2016531 0.4798236 0.8438058 1.250941 1.640728 1.962489 2.214995 2.444996 2.699775 3.010236 3.343364 3.708017 4.104902 4.512728 4.920523 5.329857 5.738562 6.121036 6.447639 6.75711 7.041207 7.283306 7.436465 7.529021 7.569114 7.59376 7.6 7.6 7.6 7.551385 7.447124 7.269469 7.072702 6.634352 6.434417 6.267747 6.118553 5.995684 5.904078 5.836743 5.775158 5.713573 5.656705 5.620553 5.594477 5.590053 5.617786 5.678786 5.74862 5.817303 5.885907 5.977076 6.074541 6.152429 6.225465 6.300505 6.390646 6.484111 6.551259 6.590947 6.624246 6.657546 6.690845 6.7 6.7 6.7 6.7 6.7 6.7 6.690609 6.67982 6.686775 6.715292 6.675187
0.1869134 0.0840088 0.01359872 0 0 0.05229482 0.05756419 0.1982547 0.4500088 0.7481842 1.054934 1.326494 1.713082 2.106534 2.496139 2.792707 3.089131 3.445413 3.820823 4.222997 4.607609 5.008905 5.418505 5.802397 6.127337 6.414442 6.67096 6.917231 7.10592 7.250209 7.352377 7.458694 7.539329 7.589804 7.6 7.519985 7.35377 7.110273 6.86341 6.29311 6.115988 5.966838 5.848951 5.762325 5.698926 5.640349 5.581771 5.52886 5.496772 5.474588 5.474292 5.482844 5.516091 5.5806 5.676159 5.777775 5.852915 5.922611 5.994713 6.087059 6.183462 6.277862 6.376158 6.457357 6.527053 6.569371 6.620015 6.658548 6.691847 6.7 6.7 6.7 6.7 6.688667 6.675941 6.639277 6.624112 6.656854 6.685133 6.626709
0.2708406 0.2288177 0.1353162 0.06559823 0.01071294 0 0 0 0 0 0 0 0.4146424 1.161052 2.016683 2.507626 2.80778 3.137014 3.502473 3.900789 4.30979 4.694415 5.071565 5.423938 5.742662 6.051197 6.330513 6.57934 6.748372 6.894018 7.031093 7.19098 7.346995 7.487437 7.486567 7.3178 7.027302 6.737371 6.491756 5.814006 5.692445 5.593987 5.514822 5.455297 5.399727 5.351653 5.3102 5.287554 5.267716 5.26848 5.274496 5.307277 5.373323 5.472634 5.578546 5.656153 5.726914 5.797523 5.891657 5.993792 6.096696 6.199601 6.302506 6.398467 6.490804 6.554852 6.619169 6.65955 6.692849 6.7 6.7 6.7 6.7 6.658496 6.615283 6.584751 6.614329 6.666262 6.653249 6.535673
0.3 0.3 0.2647776 0.1719823 0.06907768 0.008664 0.006795643 0 0 0 0 0 0 0.4477805 1.179929 2.040436 2.530496 2.880642 3.219143 3.558999 3.928686 4.305848 4.657249 5.003441 5.346959 5.663812 5.924447 6.171433 6.378389 6.573517 6.744601 6.93672 7.114344 7.217884 7.138813 6.832402 6.443556 6.128309 5.940813 5.297315 5.240219 5.196064 5.152875 5.098233 5.050258 5.022292 5.025956 5.041027 5.055427 5.067823 5.078216 5.111697 5.177743 5.276049 5.381758 5.48701 5.590294 5.691576 5.793996 5.896901 5.999805 6.10271 6.205615 6.30852 6.411425 6.50547 6.595742 6.656791 6.693852 6.7 6.7 6.7 6.687429 6.609738 6.57305 6.605053 6.676861 6.697965 6.600691 6.451112
0.3 0.3 0.3 0.2608851 0.1659691 0.06306441 0.05524195 0.00510787 0 0 0 0 0 0 0.4592219 1.227696 2.117232 2.60399 2.924915 3.236242 3.576795 3.89305 4.26241 4.611858 4.982948 5.277344 5.551994 5.776713 6.011908 6.204871 6.405301 6.575085 6.7337 6.761197 6.599656 6.202256 5.78552 5.485665 5.358018 4.868267 4.860314 4.838825 4.815552 4.782753 4.764945 4.74798 4.750841 4.785764 4.825078 4.868879 4.907891 4.948947 5.015428 5.087049 5.185486 5.29088 5.396793 5.502705 5.608618 5.71453 5.820443 5.926356 6.053977 6.183493 6.311006 6.417439 6.538547 6.632832 6.691849 6.7 6.685268 6.669669 6.641032 6.540269 6.563165 6.646134 6.733007 6.696822 6.538215 6.42307
0.3 0.2823032 0.264204 0.2481078 0.2207952 0.1420442 0.1210001 0.03580003 0.002400456 0 0 0 0 0 0 0.6087317 1.351839 2.199424 2.537379 2.84567 3.187225 3.532178 3.877152 4.194413 4.512857 4.824623 5.108272 5.353697 5.552603 5.758096 5.94956 6.082156 6.150206 6.089937 5.913846 5.584521 5.240262 4.990621 4.884451 4.484538 4.50939 4.503556 4.492537 4.499496 4.517671 4.534944 4.557544 4.594126 4.632438 4.69598 4.741957 4.810481 4.882092 4.98239 5.088302 5.1915 5.294405 5.397309 5.500214 5.603118 5.706024 5.808928 5.918784 6.052984 6.190191 6.317827 6.452712 6.559691 6.633406 6.644701 6.618587 6.588296 6.558005 6.452544 6.567983 6.709986 6.762168 6.658408 6.468821 6.442574
0.280794 0.2495405 0.2172439 0.2013443 0.214918 0.1857416 0.1645129 0.09861948 0.03001633 0.001516058 0 0 0 0 0 0.4337513 1.0536 1.784285 2.143059 2.455097 2.79683 3.142677 3.457956 3.770766 4.08349 4.396215 4.678308 4.902164 3.860564 3.965479 4.17557 5.407142 5.51356 5.40911 5.252635 5.016633 4.769496 4.563266 4.480339 4.130375 4.170551 4.19402 4.214231 4.232438 4.270232 4.309546 4.379808 4.421508 4.466493 4.505255 4.574377 4.645988 4.719545 4.791338 4.92228 5.059551 5.19494 5.300418 5.403323 5.506227 5.609132 5.712038 5.814942 5.925971 6.0397 6.155432 6.292602 6.401587 6.477307 6.489604 6.465496 6.423414 6.409416 6.434145 6.613577 6.745068 6.723743 6.570859 6.412109 6.500183
0.2684779 0.2351789 0.18401 0.1651594 0.1661345 0.1831223 0.1840916 0.1619025 0.09461059 0.02600745 0.0007520474 0 0 0 0 0 0.4095831 1.002139 1.704682 2.061848 2.375388 2.68825 3.001983 3.3454 3.630914 2.778883 1.838556 0.9448856 0.7264882 0.8391489 0.9788247 1.596831 2.759001 3.78107 4.650217 4.511422 4.327595 4.172174 4.124552 3.815052 3.857751 3.913704 3.956502 4.009497 4.060942 4.110384 4.182016 4.222714 4.29391 4.339533 4.41378 4.487509 4.589003 4.691908 4.794813 4.93029 5.067496 5.201921 5.306432 5.409337 5.512241 5.615146 5.694139 5.773633 5.855129 5.959638 6.076769 6.146257 6.203285 6.233514 6.261248 6.267362 6.312212 6.522666 6.673812 6.707475 6.604105 6.452823 6.428818 6.687295
0.3 0.2674755 0.2147736 0.1495176 0.1163436 0.1164344 0.1174823 0.1369397 0.1722384 0.1462564 0.1141842 0.04369864 0.01980347 0.0001155831 0 0 0 0 0.4081909 0.9725465 1.616041 1.950582 2.26424 2.576965 2.861239 2.137064 0.2195196 0.005168334 0 0 0 0 1.416562 2.836717 4.21849 4.113685 3.957363 3.833152 3.791077 3.527725 3.553979 3.628348 3.693837 3.777356 3.84906 3.911705 3.984224 4.02392 4.096117 4.168731 4.274159 4.383066 4.490033 4.594997 4.697922 4.83347 4.969674 5.105877 5.209541 5.312446 5.41535 5.518255 5.588757 5.658363 5.727969 5.808225 5.890784 5.950212 6.025545 6.097542 6.18096 6.262901 6.374899 6.579733 6.672479 6.630332 6.501128 6.411501 6.553551 6.951641
0.2997722 0.2662797 0.1996816 0.1332084 0.1 0.1000279 0.1 0.1005498 0.1200691 0.1419458 0.1755316 0.1427201 0.08465633 0.01720757 0 0 0 0 0.00651997 0.374403 0.8608515 1.468891 1.807247 2.109464 1.579973 0.9035704 0.129543 0 0 0 0 0 0.001718124 0.4758548 1.798892 3.096159 3.756647 3.637398 3.547316 3.25603 3.280053 3.303378 3.377476 3.472667 3.579861 3.653997 3.704792 3.778085 3.832857 3.910463 3.986506 4.089837 4.223088 4.360294 4.497131 4.601377 4.737581 4.873785 5.009745 5.112649 5.215555 5.31846 5.421342 5.51618 5.584783 5.653387 5.72199 5.811857 5.899741 5.999599 6.099496 6.199394 6.315467 6.469258 6.585847 6.591991 6.515852 6.42309 6.479302 6.771226
